{"ctxid":0,"pos":[4399.35205,-5973.79199,-552.450745],"rotationMatrix":[0.302134633,-0.95326519,0,0.95326519,0.302134633,0,0,0,0.999999881],"scale":1,"type":"cactus2"}
{"ctxid":0,"pos":[4362.22949,-5964.73926,-551.504272],"rotationMatrix":[-0.903708398,0.428148448,0,-0.428148448,-0.903708398,0,0,0,0.999999881],"scale":1,"type":"cactus2"}
{"ctxid":0,"pos":[4348.7417,-5988.49121,-551.366089],"rotationMatrix":[-0.934937775,0.354811281,0,-0.354811281,-0.934937775,0,0,0,0.999999881],"scale":1,"type":"cactus2"}
{"ctxid":0,"pos":[4318.44238,-5980.26562,-551.289307],"rotationMatrix":[-0.85708338,0.515177667,0,-0.515177667,-0.85708338,0,0,0,0.999999881],"scale":1,"type":"cactus2"}
{"ctxid":0,"pos":[4275.96045,-5959.67578,-551.409363],"rotationMatrix":[0.597423375,0.801926017,0,-0.801926017,0.597423375,0,0,0,0.999999881],"scale":1,"type":"cactus2"}
{"ctxid":0,"pos":[4308.02344,-5985.11865,-551.255676],"rotationMatrix":[0.999690115,0.0248891059,0,-0.0248891059,0.999690115,0,0,0,0.999999881],"scale":1,"type":"cactus2"}
{"ctxid":0,"pos":[4329.41162,-5963.09424,-551.4198],"rotationMatrix":[-0.64930594,-0.760527134,0,0.760527134,-0.64930594,0,0,0,0.999999881],"scale":1,"type":"cactus2"}
{"ctxid":0,"pos":[4252.87891,-5963.70752,-550.929871],"rotationMatrix":[0.97750926,-0.210892066,0,0.210892066,0.97750926,0,0,0,0.999999881],"scale":1,"type":"cactus2"}
{"ctxid":0,"pos":[4263.74219,-5960.74316,-551.483765],"rotationMatrix":[-0.432151556,0.901800811,0,-0.901800811,-0.432151556,0,0,0,0.999999881],"scale":1,"type":"cactus2"}
{"ctxid":0,"pos":[4248.87939,-5920.19678,-551.208252],"rotationMatrix":[-0.299580008,0.954071105,0,-0.954071105,-0.299580008,0,0,0,0.999999881],"scale":1,"type":"cactus2"}
{"ctxid":0,"pos":[4247.95654,-5927.73779,-551.310059],"rotationMatrix":[-0.217366889,-0.976089895,0,0.976089895,-0.217366889,0,0,0,0.999999881],"scale":1,"type":"cactus2"}
{"ctxid":0,"pos":[3960.35742,-5983.07129,-549.77002],"rotationMatrix":[0.664963722,0.746875644,0,-0.746875644,0.664963722,0,0,0,0.999999881],"scale":1,"type":"cactus2"}
{"ctxid":0,"pos":[3897.61108,-5976.88477,-550.462463],"rotationMatrix":[-0.849833608,0.527050734,0,-0.527050734,-0.849833608,0,0,0,0.999999881],"scale":1,"type":"cactus2"}
{"ctxid":0,"pos":[3833.68823,-5948.00781,-550.466736],"rotationMatrix":[0.943632782,-0.330993831,0,0.330993831,0.943632782,0,0,0,0.999999881],"scale":1,"type":"cactus2"}
{"ctxid":0,"pos":[3854.75757,-5957.70508,-550.59259],"rotationMatrix":[-0.516762316,0.856128752,0,-0.856128752,-0.516762316,0,0,0,0.999999881],"scale":1,"type":"cactus2"}
{"ctxid":0,"pos":[4184.92334,-6094.34521,-550.517822],"rotationMatrix":[-0.00584581448,0.999982893,0,-0.999982893,-0.00584581448,0,0,0,0.999999881],"scale":1,"type":"cactus2"}
{"ctxid":0,"pos":[4172.48975,-6112.28174,-549.097534],"rotationMatrix":[0.219716564,0.975563705,0,-0.975563705,0.219716564,0,0,0,0.999999881],"scale":1,"type":"cactus2"}
{"ctxid":0,"pos":[4341.50781,-6087.58691,-551.015625],"rotationMatrix":[0.900521278,-0.434811622,0,0.434811622,0.900521278,0,0,0,0.999999881],"scale":1,"type":"cactus2"}
{"ctxid":0,"pos":[4494.20557,-6024.55127,-551.468018],"rotationMatrix":[-0.568659127,0.822573066,0,-0.822573066,-0.568659127,0,0,0,0.999999881],"scale":1,"type":"cactus2"}
{"ctxid":0,"pos":[4292.53223,-6224.50391,-550.862671],"rotationMatrix":[-0.392828554,0.919611633,0,-0.919611633,-0.392828554,0,0,0,0.999999881],"scale":1,"type":"cactus2"}
{"ctxid":0,"pos":[4229.09473,-6199.82275,-549.707764],"rotationMatrix":[0.859397709,-0.511307657,0,0.511307657,0.859397709,0,0,0,0.999999881],"scale":1,"type":"cactus2"}
{"ctxid":0,"pos":[4109.74219,-6246.06104,-549.125732],"rotationMatrix":[0.362636864,0.931930482,0,-0.931930482,0.362636864,0,0,0,0.999999881],"scale":1,"type":"cactus2"}
{"ctxid":0,"pos":[4092.79834,-6222.40332,-549.255249],"rotationMatrix":[-0.996381462,0.0849923491,0,-0.0849923491,-0.996381462,0,0,0,0.999999881],"scale":1,"type":"cactus2"}
{"ctxid":0,"pos":[4098.51562,-6209.1543,-549.272766],"rotationMatrix":[-0.406180114,0.913792908,0,-0.913792908,-0.406180114,0,0,0,0.999999881],"scale":1,"type":"cactus2"}
{"ctxid":0,"pos":[4087.49268,-6198.1333,-549.23938],"rotationMatrix":[0.660255611,0.751040936,0,-0.751040936,0.660255611,0,0,0,0.999999881],"scale":1,"type":"cactus2"}
{"ctxid":0,"pos":[4033.56714,-6212.96729,-549.241455],"rotationMatrix":[0.349270612,-0.937021792,0,0.937021792,0.349270612,0,0,0,0.999999881],"scale":1,"type":"cactus2"}
{"ctxid":0,"pos":[4000.34717,-6228.16162,-549.220093],"rotationMatrix":[0.532965899,-0.84613651,0,0.84613651,0.532965899,0,0,0,0.999999881],"scale":1,"type":"cactus2"}
{"ctxid":0,"pos":[3960.44043,-6189.61914,-549.255249],"rotationMatrix":[0.717110753,0.696959257,0,-0.696959257,0.717110753,0,0,0,0.999999881],"scale":1,"type":"cactus2"}
{"ctxid":0,"pos":[3862.07495,-6197.95605,-550.267456],"rotationMatrix":[-0.999413311,0.0342479348,0,-0.0342479348,-0.999413311,0,0,0,0.999999881],"scale":1,"type":"cactus2"}
{"ctxid":0,"pos":[3888.0979,-6164.97314,-549.325439],"rotationMatrix":[0.888581932,0.458717912,0,-0.458717912,0.888581932,0,0,0,0.999999881],"scale":1,"type":"cactus2"}
{"ctxid":0,"pos":[3986.83032,-6305.854,-549.132385],"rotationMatrix":[-0.999314547,0.0370168351,0,-0.0370168351,-0.999314547,0,0,0,0.999999881],"scale":1,"type":"cactus2"}
{"ctxid":0,"pos":[4038.41479,-6338.07812,-549.360474],"rotationMatrix":[-0.0260822661,-0.999659657,0,0.999659657,-0.0260822661,0,0,0,0.999999881],"scale":1,"type":"cactus2"}
{"ctxid":0,"pos":[4053.38452,-6377.99561,-546.32843],"rotationMatrix":[0.768965065,-0.639290631,0,0.639290631,0.768965065,0,0,0,0.999999881],"scale":1,"type":"cactus2"}
{"ctxid":0,"pos":[3647.72461,-6286.67627,-554.37915],"rotationMatrix":[0.522540927,-0.852614105,0,0.852614105,0.522540927,0,0,0,0.999999881],"scale":1,"type":"cactus2"}
{"ctxid":0,"pos":[3622.88062,-6217.69824,-554.37915],"rotationMatrix":[-0.45463109,-0.890679717,0,0.890679717,-0.45463109,0,0,0,0.999999881],"scale":1,"type":"cactus2"}
{"ctxid":0,"pos":[3655.24756,-6176.41895,-554.37915],"rotationMatrix":[0.948817253,-0.315825313,0,0.315825313,0.948817253,0,0,0,0.999999881],"scale":1,"type":"cactus2"}
{"ctxid":0,"pos":[3510.56641,-6249.6582,-554.37915],"rotationMatrix":[-0.0209700856,-0.999780059,0,0.999780059,-0.0209700856,0,0,0,0.999999881],"scale":1,"type":"cactus2"}
{"ctxid":0,"pos":[3606.03369,-6305.21289,-554.37915],"rotationMatrix":[-0.0558025129,-0.998441756,0,0.998441756,-0.0558025129,0,0,0,0.999999881],"scale":1,"type":"cactus2"}
{"ctxid":0,"pos":[3806.28687,-6263.12305,-554.23645],"rotationMatrix":[0.0192250628,0.999815106,0,-0.999815106,0.0192250628,0,0,0,0.999999881],"scale":1,"type":"cactus2"}
{"ctxid":0,"pos":[3821.81689,-6261.66455,-553.490112],"rotationMatrix":[-0.322437704,0.946590602,0,-0.946590602,-0.322437704,0,0,0,0.999999881],"scale":1,"type":"cactus2"}
{"ctxid":0,"pos":[3822.58228,-5870.00684,-545.929077],"rotationMatrix":[-0.0528221354,0.998603821,0,-0.998603821,-0.0528221354,0,0,0,0.999999881],"scale":1,"type":"cactus2"}
{"ctxid":0,"pos":[4278.05615,-6309.65039,-550.140808],"rotationMatrix":[-0.45506081,0.890460193,0,-0.890460193,-0.45506081,0,0,0,0.999999881],"scale":1,"type":"cactus2"}
{"ctxid":0,"pos":[4341.0083,-6344.7959,-547.727112],"rotationMatrix":[0.700641036,-0.713513792,0,0.713513792,0.700641036,0,0,0,0.999999881],"scale":1,"type":"cactus2"}
{"ctxid":0,"pos":[4432.78711,-6389.5835,-551.627441],"rotationMatrix":[-0.934503973,0.355952531,0,-0.355952531,-0.934503973,0,0,0,0.999999881],"scale":1,"type":"cactus2"}
{"ctxid":0,"pos":[4389.75244,-6355.06787,-551.360962],"rotationMatrix":[0.96619755,-0.257802278,0,0.257802278,0.96619755,0,0,0,0.999999881],"scale":1,"type":"cactus2"}
{"ctxid":0,"pos":[4388.70215,-6358.95947,-551.374451],"rotationMatrix":[-0.898843586,0.438269258,0,-0.438269258,-0.898843586,0,0,0,0.999999881],"scale":1,"type":"cactus2"}
{"ctxid":0,"pos":[4404.54346,-6309.92627,-551.095093],"rotationMatrix":[0.694059968,0.719917178,0,-0.719917178,0.694059968,0,0,0,0.999999881],"scale":1,"type":"cactus2"}
{"ctxid":0,"pos":[4985.625,-6611.9082,-535.654175],"rotationMatrix":[-0.840950251,-0.541112185,0,0.541112185,-0.840950251,0,0,0,0.999999881],"scale":1,"type":"cactus2"}
{"ctxid":0,"pos":[4934.16357,-6603.12061,-534.459595],"rotationMatrix":[0.916270733,-0.400559306,0,0.400559306,0.916270733,0,0,0,0.999999881],"scale":1,"type":"cactus2"}
{"ctxid":0,"pos":[4919.8667,-6597.87305,-534.371338],"rotationMatrix":[-0.244361579,0.969684064,0,-0.969684064,-0.244361579,0,0,0,0.999999881],"scale":1,"type":"cactus2"}
{"ctxid":0,"pos":[4949.90381,-6691.73828,-534.355957],"rotationMatrix":[0.906980395,-0.421172559,0,0.421172559,0.906980395,0,0,0,0.999999881],"scale":1,"type":"cactus2"}
{"ctxid":0,"pos":[4867.25537,-6655.39209,-533.877625],"rotationMatrix":[0.151833519,-0.988406003,0,0.988406003,0.151833519,0,0,0,0.999999881],"scale":1,"type":"cactus2"}
{"ctxid":0,"pos":[4735.5415,-6580.71631,-533.158691],"rotationMatrix":[0.977829874,-0.209400341,0,0.209400341,0.977829874,0,0,0,0.999999881],"scale":1,"type":"cactus2"}
{"ctxid":0,"pos":[4765.80566,-6627.10303,-532.990356],"rotationMatrix":[0.223039702,-0.974809229,0,0.974809229,0.223039702,0,0,0,0.999999881],"scale":1,"type":"cactus2"}
{"ctxid":0,"pos":[4692.21533,-6554.95557,-535.048828],"rotationMatrix":[0.115047887,0.993359864,0,-0.993359864,0.115047887,0,0,0,0.999999881],"scale":1,"type":"cactus2"}
{"ctxid":0,"pos":[4654.52002,-6782.29883,-541.417725],"rotationMatrix":[0.779997289,-0.625782728,0,0.625782728,0.779997289,0,0,0,0.999999881],"scale":1,"type":"cactus2"}
{"ctxid":0,"pos":[4709.67383,-6765.97461,-540.47229],"rotationMatrix":[0.997133791,0.0756563544,0,-0.0756563544,0.997133791,0,0,0,0.999999881],"scale":1,"type":"cactus2"}
{"ctxid":0,"pos":[4719.74805,-6754.5332,-539.712524],"rotationMatrix":[-0.818267107,-0.574837983,0,0.574837983,-0.818267107,0,0,0,0.999999881],"scale":1,"type":"cactus2"}
{"ctxid":0,"pos":[4788.76465,-6680.78369,-534.716309],"rotationMatrix":[-0.734938502,-0.678133547,0,0.678133547,-0.734938502,0,0,0,0.999999881],"scale":1,"type":"cactus2"}
{"ctxid":0,"pos":[4617.03613,-6758.6665,-540.2901],"rotationMatrix":[-0.826702774,0.56263876,0,-0.56263876,-0.826702774,0,0,0,0.999999881],"scale":1,"type":"cactus2"}
{"ctxid":0,"pos":[4774.07178,-6782.84277,-541.243164],"rotationMatrix":[-0.825649142,-0.564183891,0,0.564183891,-0.825649142,0,0,0,0.999999881],"scale":1,"type":"cactus2"}
{"ctxid":0,"pos":[4824.05273,-6754.35986,-538.445862],"rotationMatrix":[0.351268411,0.936274827,0,-0.936274827,0.351268411,0,0,0,0.999999881],"scale":1,"type":"cactus2"}
{"ctxid":0,"pos":[4829.90137,-6781.95068,-539.68396],"rotationMatrix":[-0.998906493,0.0467509851,0,-0.0467509851,-0.998906493,0,0,0,0.999999881],"scale":1,"type":"cactus2"}
{"ctxid":0,"pos":[4942.09131,-6747.01562,-537.101257],"rotationMatrix":[0.0169704705,0.999855876,0,-0.999855876,0.0169704705,0,0,0,0.999999881],"scale":1,"type":"cactus2"}
{"ctxid":1,"pos":[4032.6084,-5786.65381,-537.892151],"rotationMatrix":[0.332568794,0.943078995,0,-0.943078995,0.332568794,0,0,0,0.999999881],"scale":1,"type":"cactus2"}
{"ctxid":1,"pos":[3164.26367,-5908.0083,-554.37915],"rotationMatrix":[-0.0496760719,-0.99876529,0,0.99876529,-0.0496760719,0,0,0,0.999999881],"scale":1,"type":"cactus2"}
{"ctxid":1,"pos":[3035.14355,-5879.53809,-554.37915],"rotationMatrix":[-0.0894643962,0.995989978,0,-0.995989978,-0.0894643962,0,0,0,0.999999881],"scale":1,"type":"cactus2"}
{"ctxid":1,"pos":[3010.9082,-5886.20312,-554.37915],"rotationMatrix":[-0.00688434485,0.999976218,0,-0.999976218,-0.00688434485,0,0,0,0.999999881],"scale":1,"type":"cactus2"}
{"ctxid":1,"pos":[2854.79224,-5817.55127,-544.742432],"rotationMatrix":[0.673318505,-0.739352405,0,0.739352405,0.673318505,0,0,0,0.999999881],"scale":1,"type":"cactus2"}
{"ctxid":1,"pos":[2725.49561,-5734.45508,-528.619568],"rotationMatrix":[-0.954403639,-0.298519224,0,0.298519224,-0.954403639,0,0,0,0.999999881],"scale":1,"type":"cactus2"}
{"ctxid":1,"pos":[2786.70679,-5742.55957,-549.092163],"rotationMatrix":[-0.797871947,-0.602826774,0,0.602826774,-0.797871947,0,0,0,0.999999881],"scale":1,"type":"cactus2"}
{"ctxid":1,"pos":[2901.27319,-5699.5332,-537.083984],"rotationMatrix":[0.545218945,0.838293672,0,-0.838293672,0.545218945,0,0,0,0.999999881],"scale":1,"type":"cactus2"}
{"ctxid":1,"pos":[2499.32373,-5847.14697,-529.890259],"rotationMatrix":[0.603687584,0.797220945,0,-0.797220945,0.603687584,0,0,0,0.999999881],"scale":1,"type":"cactus2"}
{"ctxid":1,"pos":[2536.05273,-5860.77539,-540.427734],"rotationMatrix":[0.568435431,0.822727859,0,-0.822727859,0.568435431,0,0,0,0.999999881],"scale":1,"type":"cactus2"}
{"ctxid":1,"pos":[2527.72949,-5862.99316,-541.956909],"rotationMatrix":[-0.740073502,-0.672525764,0,0.672525764,-0.740073502,0,0,0,0.999999881],"scale":1,"type":"cactus2"}
{"ctxid":1,"pos":[2449.78638,-5890.42041,-525.260864],"rotationMatrix":[0.989557564,-0.144137293,0,0.144137293,0.989557564,0,0,0,0.999999881],"scale":1,"type":"cactus2"}
{"ctxid":1,"pos":[2451.64038,-5882.57129,-523.112],"rotationMatrix":[0.0892799646,-0.996006548,0,0.996006548,0.0892799646,0,0,0,0.999999881],"scale":1,"type":"cactus2"}
{"ctxid":1,"pos":[2419.63794,-6017.91064,-531.372986],"rotationMatrix":[0.350270391,0.936648667,0,-0.936648667,0.350270391,0,0,0,0.999999881],"scale":1,"type":"cactus2"}
{"ctxid":1,"pos":[2391.27295,-6063.271,-529.790894],"rotationMatrix":[-0.905234158,0.424912959,0,-0.424912959,-0.905234158,0,0,0,0.999999881],"scale":1,"type":"cactus2"}
{"ctxid":1,"pos":[2400.8252,-6054.70508,-530.048828],"rotationMatrix":[-0.974998772,-0.222210139,0,0.222210139,-0.974998772,0,0,0,0.999999881],"scale":1,"type":"cactus2"}
{"ctxid":1,"pos":[2388.64185,-6059.09131,-529.9104],"rotationMatrix":[0.94609195,0.323897958,0,-0.323897958,0.94609195,0,0,0,0.999999881],"scale":1,"type":"cactus2"}
{"ctxid":1,"pos":[2320.42993,-6085.75391,-528.556396],"rotationMatrix":[-0.144909099,-0.989444911,0,0.989444911,-0.144909099,0,0,0,0.999999881],"scale":1,"type":"cactus2"}
{"ctxid":1,"pos":[2269.85278,-6090.02783,-529.852295],"rotationMatrix":[0.983281374,0.182092249,0,-0.182092249,0.983281374,0,0,0,0.999999881],"scale":1,"type":"cactus2"}
{"ctxid":1,"pos":[2256.70337,-6113.05957,-528.387695],"rotationMatrix":[0.734337389,0.678784668,0,-0.678784668,0.734337389,0,0,0,0.999999881],"scale":1,"type":"cactus2"}
{"ctxid":1,"pos":[2052.36572,-6095.59326,-534.571716],"rotationMatrix":[-0.983986676,0.178241506,0,-0.178241506,-0.983986676,0,0,0,0.999999881],"scale":1,"type":"cactus2"}
{"ctxid":1,"pos":[2016.99292,-6148.62549,-535.686096],"rotationMatrix":[0.822069824,-0.569386601,0,0.569386601,0.822069824,0,0,0,0.999999881],"scale":1,"type":"cactus2"}
{"ctxid":1,"pos":[2070.6001,-6377.87549,-545.611816],"rotationMatrix":[-0.724575222,0.689195454,0,-0.689195454,-0.724575222,0,0,0,0.999999881],"scale":1,"type":"cactus2"}
{"ctxid":1,"pos":[1993.599,-6318.93359,-543.982422],"rotationMatrix":[0.89358753,0.448888958,0,-0.448888958,0.89358753,0,0,0,0.999999881],"scale":1,"type":"cactus2"}
{"ctxid":1,"pos":[2016.3833,-6280.17285,-541.123718],"rotationMatrix":[-0.880835474,-0.473422527,0,0.473422527,-0.880835474,0,0,0,0.999999881],"scale":1,"type":"cactus2"}
{"ctxid":1,"pos":[1999.3385,-6444.72266,-550.651733],"rotationMatrix":[0.529366612,0.848393202,0,-0.848393202,0.529366612,0,0,0,0.999999881],"scale":1,"type":"cactus2"}
{"ctxid":1,"pos":[2003.23071,-6441.71045,-550.401489],"rotationMatrix":[-0.887844861,0.460142702,0,-0.460142702,-0.887844861,0,0,0,0.999999881],"scale":1,"type":"cactus2"}
{"ctxid":1,"pos":[2059.89502,-6403.80762,-547.765015],"rotationMatrix":[-0.183679625,-0.982986093,0,0.982986093,-0.183679625,0,0,0,0.999999881],"scale":1,"type":"cactus2"}
{"ctxid":1,"pos":[3335.66431,-6172.53027,-554.37915],"rotationMatrix":[0.543812335,0.839206874,0,-0.839206874,0.543812335,0,0,0,0.999999881],"scale":1,"type":"cactus2"}
{"ctxid":1,"pos":[3274.39697,-6094.48584,-554.37915],"rotationMatrix":[0.799505234,-0.600658953,0,0.600658953,0.799505234,0,0,0,0.999999881],"scale":1,"type":"cactus2"}
{"ctxid":1,"pos":[3423.97314,-6127.85645,-554.37915],"rotationMatrix":[-0.99990207,0.0139907477,0,-0.0139907477,-0.99990207,0,0,0,0.999999881],"scale":1,"type":"cactus2"}
{"ctxid":1,"pos":[3264.54688,-6408.2417,-551.084229],"rotationMatrix":[-0.639649332,0.768666625,0,-0.768666625,-0.639649332,0,0,0,0.999999881],"scale":1,"type":"cactus2"}
{"ctxid":1,"pos":[3254.66748,-6424.36035,-550.972839],"rotationMatrix":[-0.996862829,-0.0791473463,0,0.0791473463,-0.996862829,0,0,0,0.999999881],"scale":1,"type":"cactus2"}
{"ctxid":1,"pos":[3232.08789,-6280.23145,-554.37915],"rotationMatrix":[-0.963852227,-0.266437173,0,0.266437173,-0.963852227,0,0,0,0.999999881],"scale":1,"type":"cactus2"}
{"ctxid":1,"pos":[3179.4624,-6346.29688,-557.546265],"rotationMatrix":[0.970814764,0.239830375,0,-0.239830375,0.970814764,0,0,0,0.999999881],"scale":1,"type":"cactus2"}
{"ctxid":1,"pos":[3022.05737,-6201.53662,-556.850525],"rotationMatrix":[-0.822953582,0.568108499,0,-0.568108499,-0.822953582,0,0,0,0.999999881],"scale":1,"type":"cactus2"}
{"ctxid":1,"pos":[3112.97144,-6176.17334,-554.37915],"rotationMatrix":[-0.956511796,0.291693151,0,-0.291693151,-0.956511796,0,0,0,0.999999881],"scale":1,"type":"cactus2"}
{"ctxid":1,"pos":[3000.42334,-6067.16504,-554.37915],"rotationMatrix":[0.819721818,-0.572761714,0,0.572761714,0.819721818,0,0,0,0.999999881],"scale":1,"type":"cactus2"}
{"ctxid":1,"pos":[3072.70386,-6100.86572,-554.37915],"rotationMatrix":[-0.701552212,0.712617815,0,-0.712617815,-0.701552212,0,0,0,0.999999881],"scale":1,"type":"cactus2"}
{"ctxid":1,"pos":[2962.24146,-5970.30273,-554.37915],"rotationMatrix":[-0.273768187,0.961795628,0,-0.961795628,-0.273768187,0,0,0,0.999999881],"scale":1,"type":"cactus2"}
{"ctxid":1,"pos":[2966.12671,-5975.48926,-554.37915],"rotationMatrix":[0.986001551,0.166736022,0,-0.166736022,0.986001551,0,0,0,0.999999881],"scale":1,"type":"cactus2"}
