{"ctxid":0,"pos":[4960.35693,-6592.35498,-535.434143],"rotationMatrix":[-0.388509899,-0.921444535,0,0.921444535,-0.388509899,0,0,0,1],"scale":1,"type":"eucalyptus_tall"}
{"ctxid":0,"pos":[4993.20898,-6609.71924,-536.235657],"rotationMatrix":[-0.718994558,0.695015728,0,-0.695015728,-0.718994558,0,0,0,1],"scale":1,"type":"eucalyptus_tall"}
{"ctxid":0,"pos":[4991.49609,-6594.81055,-536.848694],"rotationMatrix":[0.979858458,0.199693263,0,-0.199693263,0.979858458,0,0,0,1],"scale":1,"type":"eucalyptus_tall"}
{"ctxid":0,"pos":[5003.04932,-6578.63525,-538.587585],"rotationMatrix":[-0.996792138,0.0800337717,0,-0.0800337717,-0.996792138,0,0,0,1],"scale":1,"type":"eucalyptus_tall"}
{"ctxid":0,"pos":[5007.93994,-6543.3418,-541.222656],"rotationMatrix":[0.603951812,-0.797020853,0,0.797020853,0.603951812,0,0,0,1],"scale":1,"type":"eucalyptus_tall"}
{"ctxid":0,"pos":[5038.9209,-6568.12012,-542.361084],"rotationMatrix":[0.3339957,-0.94257462,0,0.94257462,0.3339957,0,0,0,1],"scale":1,"type":"eucalyptus_tall"}
{"ctxid":0,"pos":[4986.87891,-6598.76953,-536.345276],"rotationMatrix":[0.0992696658,0.995060563,0,-0.995060563,0.0992696658,0,0,0,1],"scale":1,"type":"eucalyptus_tall"}
{"ctxid":0,"pos":[4982.02197,-6550.99658,-538.852539],"rotationMatrix":[-0.844786823,-0.535103023,0,0.535103023,-0.844786823,0,0,0,1],"scale":1,"type":"eucalyptus_tall"}
{"ctxid":0,"pos":[4984.56299,-6536.14795,-540.078857],"rotationMatrix":[0.983838975,0.179055497,0,-0.179055497,0.983838975,0,0,0,1],"scale":1,"type":"eucalyptus_tall"}
{"ctxid":0,"pos":[4992.57959,-6521.87549,-541.756348],"rotationMatrix":[-0.26355353,-0.96464479,0,0.96464479,-0.26355353,0,0,0,1],"scale":1,"type":"eucalyptus_tall"}
{"ctxid":0,"pos":[4953.7627,-6518.25,-539.922241],"rotationMatrix":[0.974430144,-0.224690571,0,0.224690571,0.974430144,0,0,0,1],"scale":1,"type":"eucalyptus_tall"}
{"ctxid":0,"pos":[5002.78516,-6521.43457,-542.463318],"rotationMatrix":[0.312011808,-0.950078249,0,0.950078249,0.312011808,0,0,0,1],"scale":1,"type":"eucalyptus_tall"}
{"ctxid":0,"pos":[4712.69775,-6519.97021,-538.332336],"rotationMatrix":[-0.952374279,-0.304931581,0,0.304931581,-0.952374279,0,0,0,1],"scale":1,"type":"eucalyptus_tall"}
{"ctxid":0,"pos":[4663.93604,-6539.69238,-536.69043],"rotationMatrix":[-0.562323749,0.826917171,0,-0.826917171,-0.562323749,0,0,0,1],"scale":1,"type":"eucalyptus_tall"}
{"ctxid":0,"pos":[4690.98193,-6542.30371,-535.757935],"rotationMatrix":[0.998107076,-0.0615000241,0,0.0615000241,0.998107076,0,0,0,1],"scale":1,"type":"eucalyptus_tall"}
{"ctxid":0,"pos":[4665.47607,-6495.95605,-541.070435],"rotationMatrix":[0.654375911,0.756169438,0,-0.756169438,0.654375911,0,0,0,1],"scale":1,"type":"eucalyptus_tall"}
{"ctxid":0,"pos":[4043.81177,-5478.57031,-506.917175],"rotationMatrix":[0.586749554,0.809768438,0,-0.809768438,0.586749554,0,0,0,1],"scale":1,"type":"eucalyptus_tall"}
{"ctxid":0,"pos":[4070.85791,-5474.50977,-507.412384],"rotationMatrix":[0.562418759,0.82685256,0,-0.82685256,0.562418759,0,0,0,1],"scale":1,"type":"eucalyptus_tall"}
{"ctxid":0,"pos":[4064.26733,-5443.89795,-506.995483],"rotationMatrix":[-0.945470035,0.325709164,0,-0.325709164,-0.945470035,0,0,0,1],"scale":1,"type":"eucalyptus_tall"}
{"ctxid":0,"pos":[4039.4436,-5456.83008,-506.509705],"rotationMatrix":[0.807578087,0.589760602,0,-0.589760602,0.807578087,0,0,0,1],"scale":1,"type":"eucalyptus_tall"}
{"ctxid":0,"pos":[4012.74487,-5423.08643,-505.345337],"rotationMatrix":[0.86137706,0.507966101,0,-0.507966101,0.86137706,0,0,0,1],"scale":1,"type":"eucalyptus_tall"}
{"ctxid":0,"pos":[4049.60913,-5445.1333,-506.616455],"rotationMatrix":[0.99768275,0.0680376589,0,-0.0680376589,0.99768275,0,0,0,1],"scale":1,"type":"eucalyptus_tall"}
{"ctxid":0,"pos":[4063.6062,-5476.63867,-507.279236],"rotationMatrix":[-0.280661851,-0.95980674,0,0.95980674,-0.280661851,0,0,0,1],"scale":1,"type":"eucalyptus_tall"}
{"ctxid":0,"pos":[4072.85181,-5444.36865,-507.233582],"rotationMatrix":[-0.83205682,0.554690421,0,-0.554690421,-0.83205682,0,0,0,1],"scale":1,"type":"eucalyptus_tall"}
{"ctxid":0,"pos":[3865.93115,-5266.46973,-498.84259],"rotationMatrix":[0.764191628,-0.644989252,0,0.644989252,0.764191628,0,0,0,1],"scale":1,"type":"eucalyptus_tall"}
{"ctxid":0,"pos":[3856.79419,-5229.21387,-498.043854],"rotationMatrix":[0.993542612,0.113459654,0,-0.113459654,0.993542612,0,0,0,1],"scale":1,"type":"eucalyptus_tall"}
{"ctxid":0,"pos":[3858.54004,-5248.09863,-498.342407],"rotationMatrix":[0.419520646,-0.907745779,0,0.907745779,0.419520646,0,0,0,1],"scale":1,"type":"eucalyptus_tall"}
{"ctxid":0,"pos":[3903.88379,-5234.38232,-504.213409],"rotationMatrix":[0.465439439,-0.885079741,0,0.885079741,0.465439439,0,0,0,1],"scale":1,"type":"eucalyptus_tall"}
{"ctxid":0,"pos":[3875.15771,-5252.05176,-498.831604],"rotationMatrix":[-0.271169603,-0.962531567,0,0.962531567,-0.271169603,0,0,0,1],"scale":1,"type":"eucalyptus_tall"}
{"ctxid":0,"pos":[3858.72461,-5283.37891,-498.954132],"rotationMatrix":[0.47265619,-0.881246924,0,0.881246924,0.47265619,0,0,0,1],"scale":1,"type":"eucalyptus_tall"}
{"ctxid":0,"pos":[3895.84546,-5312.21484,-501.049011],"rotationMatrix":[0.166134864,0.986103058,0,-0.986103058,0.166134864,0,0,0,1],"scale":1,"type":"eucalyptus_tall"}
{"ctxid":0,"pos":[3896.07959,-5300.21191,-500.966187],"rotationMatrix":[0.999170899,0.0407128483,0,-0.0407128483,0.999170899,0,0,0,1],"scale":1,"type":"eucalyptus_tall"}
{"ctxid":0,"pos":[2074.01831,-6559.73242,-551.417908],"rotationMatrix":[0.999472618,0.0324729234,0,-0.0324729234,0.999472618,0,0,0,1],"scale":1,"type":"eucalyptus_tall"}
{"ctxid":0,"pos":[2107.88745,-6520.3457,-550.91156],"rotationMatrix":[0.509231985,-0.86062932,0,0.86062932,0.509231985,0,0,0,1],"scale":1,"type":"eucalyptus_tall"}
{"ctxid":0,"pos":[2098.07593,-6543.03613,-551.251282],"rotationMatrix":[-0.958313823,-0.285717696,0,0.285717696,-0.958313823,0,0,0,1],"scale":1,"type":"eucalyptus_tall"}
{"ctxid":0,"pos":[2101.31616,-6562.39502,-553.010498],"rotationMatrix":[0.0997498259,0.995012522,0,-0.995012522,0.0997498259,0,0,0,1],"scale":1,"type":"eucalyptus_tall"}
{"ctxid":0,"pos":[2152.37769,-6466.78271,-549.535828],"rotationMatrix":[-0.143667579,0.98962599,0,-0.98962599,-0.143667579,0,0,0,1],"scale":1,"type":"eucalyptus_tall"}
{"ctxid":0,"pos":[2103.11621,-6486.17676,-550.000732],"rotationMatrix":[0.741138816,-0.67135179,0,0.67135179,0.741138816,0,0,0,1],"scale":1,"type":"eucalyptus_tall"}
{"ctxid":0,"pos":[2121.61646,-6513.05762,-551.023865],"rotationMatrix":[-0.264366627,0.964422286,0,-0.964422286,-0.264366627,0,0,0,1],"scale":1,"type":"eucalyptus_tall"}
{"ctxid":0,"pos":[2177.83228,-6492.49854,-552.422058],"rotationMatrix":[-0.788886428,-0.614539027,0,0.614539027,-0.788886428,0,0,0,1],"scale":1,"type":"eucalyptus_tall"}
{"ctxid":0,"pos":[1929.32788,-6365.8833,-548.632812],"rotationMatrix":[0.823367715,0.567508221,0,-0.567508221,0.823367715,0,0,0,1],"scale":1,"type":"eucalyptus_tall"}
{"ctxid":0,"pos":[1913.65564,-6409.4209,-550.871826],"rotationMatrix":[-0.266207457,0.963915765,0,-0.963915765,-0.266207457,0,0,0,1],"scale":1,"type":"eucalyptus_tall"}
{"ctxid":0,"pos":[1939.35278,-6358.69336,-547.959595],"rotationMatrix":[-0.989432335,-0.144995511,0,0.144995511,-0.989432335,0,0,0,1],"scale":1,"type":"eucalyptus_tall"}
{"ctxid":0,"pos":[1906.479,-6387.76855,-550.199951],"rotationMatrix":[0.903429091,-0.428737611,0,0.428737611,0.903429091,0,0,0,1],"scale":1,"type":"eucalyptus_tall"}
{"ctxid":0,"pos":[1849.13367,-6395.9834,-550.105835],"rotationMatrix":[0.722822309,-0.6910339,0,0.6910339,0.722822309,0,0,0,1],"scale":1,"type":"eucalyptus_tall"}
{"ctxid":0,"pos":[1854.45593,-6385.68164,-549.784668],"rotationMatrix":[-0.00508018909,0.999987125,0,-0.999987125,-0.00508018909,0,0,0,1],"scale":1,"type":"eucalyptus_tall"}
{"ctxid":0,"pos":[1821.58362,-6389.86133,-549.189331],"rotationMatrix":[0.560789347,0.827958524,0,-0.827958524,0.560789347,0,0,0,1],"scale":1,"type":"eucalyptus_tall"}
{"ctxid":0,"pos":[1865.02466,-6357.03809,-548.570679],"rotationMatrix":[0.969813049,0.24384971,0,-0.24384971,0.969813049,0,0,0,1],"scale":1,"type":"eucalyptus_tall"}
{"ctxid":0,"pos":[1552.46204,-6376.9165,-544.378723],"rotationMatrix":[0.793555677,0.608497679,0,-0.608497679,0.793555677,0,0,0,1],"scale":1,"type":"eucalyptus_tall"}
{"ctxid":0,"pos":[1581.9502,-6370.48096,-544.896301],"rotationMatrix":[-0.917371273,-0.398032635,0,0.398032635,-0.917371273,0,0,0,1],"scale":1,"type":"eucalyptus_tall"}
{"ctxid":0,"pos":[1563.43958,-6357.72461,-544.511841],"rotationMatrix":[0.121692605,0.992567837,0,-0.992567837,0.121692605,0,0,0,1],"scale":1,"type":"eucalyptus_tall"}
{"ctxid":0,"pos":[1555.86169,-6359.80469,-544.35437],"rotationMatrix":[0.0632227287,-0.99799943,0,0.99799943,0.0632227287,0,0,0,1],"scale":1,"type":"eucalyptus_tall"}
{"ctxid":0,"pos":[1499.83533,-6340.92285,-540.403381],"rotationMatrix":[-0.992657363,0.120960228,0,-0.120960228,-0.992657363,0,0,0,1],"scale":1,"type":"eucalyptus_tall"}
{"ctxid":0,"pos":[1556.58936,-6317.06201,-543.850342],"rotationMatrix":[0.258149236,0.966105044,0,-0.966105044,0.258149236,0,0,0,1],"scale":1,"type":"eucalyptus_tall"}
{"ctxid":0,"pos":[1539.76208,-6332.66895,-543.64917],"rotationMatrix":[-0.577960789,0.816064537,0,-0.816064537,-0.577960789,0,0,0,1],"scale":1,"type":"eucalyptus_tall"}
{"ctxid":0,"pos":[1532.36145,-6315.49414,-543.136353],"rotationMatrix":[-0.821974039,-0.569525003,0,0.569525003,-0.821974039,0,0,0,1],"scale":1,"type":"eucalyptus_tall"}
{"ctxid":0,"pos":[1601.44946,-6390.68994,-545.121582],"rotationMatrix":[0.687532663,0.726153433,0,-0.726153433,0.687532663,0,0,0,1],"scale":1,"type":"eucalyptus_tall"}
{"ctxid":0,"pos":[1594.953,-6376.41504,-544.960144],"rotationMatrix":[-0.0187274441,-0.999824643,0,0.999824643,-0.0187274441,0,0,0,1],"scale":1,"type":"eucalyptus_tall"}
{"ctxid":0,"pos":[1592.81787,-6420.43799,-545.264771],"rotationMatrix":[-0.621219218,0.783636808,0,-0.783636808,-0.621219218,0,0,0,1],"scale":1,"type":"eucalyptus_tall"}
{"ctxid":0,"pos":[1554.026,-6395.63965,-544.638977],"rotationMatrix":[0.96892643,-0.247349024,0,0.247349024,0.96892643,0,0,0,1],"scale":1,"type":"eucalyptus_tall"}
{"ctxid":0,"pos":[1512.70898,-6449.56006,-544.733582],"rotationMatrix":[-0.919238746,0.3937006,0,-0.3937006,-0.919238746,0,0,0,1],"scale":1,"type":"eucalyptus_tall"}
{"ctxid":0,"pos":[1530.68677,-6457.53564,-545.603271],"rotationMatrix":[-0.536014974,0.844208479,0,-0.844208479,-0.536014974,0,0,0,1],"scale":1,"type":"eucalyptus_tall"}
{"ctxid":0,"pos":[1564.96741,-6463.00928,-546.77063],"rotationMatrix":[0.923123956,-0.384502441,0,0.384502441,0.923123956,0,0,0,1],"scale":1,"type":"eucalyptus_tall"}
{"ctxid":0,"pos":[1569.9657,-6457.18896,-546.637329],"rotationMatrix":[-0.688084722,0.725630343,0,-0.725630343,-0.688084722,0,0,0,1],"scale":1,"type":"eucalyptus_tall"}
{"ctxid":0,"pos":[1565.1123,-6485.13281,-547.4776],"rotationMatrix":[-0.00314930943,-0.999995053,0,0.999995053,-0.00314930943,0,0,0,1],"scale":1,"type":"eucalyptus_tall"}
{"ctxid":0,"pos":[1586.25366,-6441.83691,-544.916382],"rotationMatrix":[0.585535347,0.810646892,0,-0.810646892,0.585535347,0,0,0,1],"scale":1,"type":"eucalyptus_tall"}
{"ctxid":0,"pos":[1579.91821,-6442.74902,-545.022583],"rotationMatrix":[0.998817265,0.048621852,0,-0.048621852,0.998817265,0,0,0,1],"scale":1,"type":"eucalyptus_tall"}
{"ctxid":0,"pos":[1534.10217,-6473.07227,-546.133667],"rotationMatrix":[0.75316143,-0.657835722,0,0.657835722,0.75316143,0,0,0,1],"scale":1,"type":"eucalyptus_tall"}
{"ctxid":0,"pos":[4337.31494,-6299.52051,-551.097717],"rotationMatrix":[0.999530673,0.0306303874,0,-0.0306303874,0.999530673,0,0,0,0.999999881],"scale":1,"type":"eucalyptus_tall"}
{"ctxid":0,"pos":[4321.98975,-6312.25391,-550.977051],"rotationMatrix":[0.032743495,0.999463737,0,-0.999463737,0.032743495,0,0,0,0.999999881],"scale":1,"type":"eucalyptus_tall"}
{"ctxid":0,"pos":[4296.69287,-6363.10352,-547.345825],"rotationMatrix":[0.764328599,-0.644826889,0,0.644826889,0.764328599,0,0,0,0.999999881],"scale":1,"type":"eucalyptus_tall"}
{"ctxid":0,"pos":[4365.49023,-6090.00537,-551.544495],"rotationMatrix":[-0.196749032,-0.980453789,0,0.980453789,-0.196749032,0,0,0,0.999999881],"scale":1,"type":"eucalyptus_tall"}
{"ctxid":0,"pos":[4347.46826,-6078.68896,-551.395996],"rotationMatrix":[0.920839489,-0.389941484,0,0.389941484,0.920839489,0,0,0,0.999999881],"scale":1,"type":"eucalyptus_tall"}
{"ctxid":0,"pos":[4213.87402,-6066.82129,-550.88562],"rotationMatrix":[-0.846444607,0.532476544,0,-0.532476544,-0.846444607,0,0,0,0.999999881],"scale":1,"type":"eucalyptus_tall"}
{"ctxid":0,"pos":[5624.08398,-3954.94897,-557.056335],"rotationMatrix":[0.500933826,-0.865485549,0,0.865485549,0.500933826,0,0,0,0.999999881],"scale":1,"type":"eucalyptus_tall"}
{"ctxid":0,"pos":[5606.75879,-3975.76587,-557.311157],"rotationMatrix":[-0.718333721,0.695698619,0,-0.695698619,-0.718333721,0,0,0,0.999999881],"scale":1,"type":"eucalyptus_tall"}
{"ctxid":1,"pos":[5299.89111,-1054.35571,-538.143494],"rotationMatrix":[0.834671497,-0.55074805,0,0.55074805,0.834671497,0,0,0,0.999999881],"scale":1,"type":"eucalyptus_tall"}
{"ctxid":1,"pos":[5278.50342,-1071.96875,-537.903809],"rotationMatrix":[-0.62670815,0.779253781,0,-0.779253781,-0.62670815,0,0,0,0.999999881],"scale":1,"type":"eucalyptus_tall"}
{"ctxid":1,"pos":[5302.02588,-1093.74329,-542.63562],"rotationMatrix":[-0.923730433,0.383042872,0,-0.383042872,-0.923730433,0,0,0,0.999999881],"scale":1,"type":"eucalyptus_tall"}
{"ctxid":1,"pos":[5323.48682,-1085.81738,-543.93042],"rotationMatrix":[-0.693140149,0.720802724,0,-0.720802724,-0.693140149,0,0,0,0.999999881],"scale":1,"type":"eucalyptus_tall"}
{"ctxid":1,"pos":[5346.44141,-1000.01147,-536.915771],"rotationMatrix":[0.212098137,0.977248371,0,-0.977248371,0.212098137,0,0,0,0.999999881],"scale":1,"type":"eucalyptus_tall"}
{"ctxid":1,"pos":[5370.97119,-1025.65198,-542.162598],"rotationMatrix":[0.918065488,-0.396428466,0,0.396428466,0.918065488,0,0,0,0.999999881],"scale":1,"type":"eucalyptus_tall"}
{"ctxid":1,"pos":[5347.8042,-1055.15271,-543.087524],"rotationMatrix":[0.666312039,-0.745672882,0,0.745672882,0.666312039,0,0,0,0.999999881],"scale":1,"type":"eucalyptus_tall"}
