{"ctxid":0,"pos":[1578.8479,-6353.57861,-544.737366],"rotationMatrix":[-0.999937952,0.0111387735,0,-0.0111387735,-0.999937952,0,0,0,1],"scale":1,"type":"eucalyptus_double"}
{"ctxid":0,"pos":[1589.63684,-6383.76904,-545.026245],"rotationMatrix":[0.900546789,0.43475911,0,-0.43475911,0.900546789,0,0,0,1],"scale":1,"type":"eucalyptus_double"}
{"ctxid":0,"pos":[1539.86206,-6388.17285,-543.996155],"rotationMatrix":[0.545259714,-0.838267148,0,0.838267148,0.545259714,0,0,0,1],"scale":1,"type":"eucalyptus_double"}
{"ctxid":0,"pos":[1568.05298,-6424.53369,-544.451294],"rotationMatrix":[-0.13840872,0.990375221,0,-0.990375221,-0.13840872,0,0,0,1],"scale":1,"type":"eucalyptus_double"}
{"ctxid":0,"pos":[1554.60144,-6410.25244,-544.92157],"rotationMatrix":[0.951425552,0.307878911,0,-0.307878911,0.951425552,0,0,0,1],"scale":1,"type":"eucalyptus_double"}
{"ctxid":0,"pos":[1502.52759,-6414.08545,-543.738525],"rotationMatrix":[0.962423384,-0.271553367,0,0.271553367,0.962423384,0,0,0,1],"scale":1,"type":"eucalyptus_double"}
{"ctxid":0,"pos":[1505.08008,-6396.05664,-542.179077],"rotationMatrix":[0.81183362,0.583888829,0,-0.583888829,0.81183362,0,0,0,1],"scale":1,"type":"eucalyptus_double"}
{"ctxid":0,"pos":[1536.95166,-6409.65283,-544.437012],"rotationMatrix":[0.922283828,0.386513263,0,-0.386513263,0.922283828,0,0,0,1],"scale":1,"type":"eucalyptus_double"}
{"ctxid":0,"pos":[1491.86011,-6457.88037,-544.891602],"rotationMatrix":[0.843810081,0.536641896,0,-0.536641896,0.843810081,0,0,0,1],"scale":1,"type":"eucalyptus_double"}
{"ctxid":0,"pos":[1520.12268,-6488.6543,-546.287415],"rotationMatrix":[0.997544408,-0.0700368732,0,0.0700368732,0.997544408,0,0,0,1],"scale":1,"type":"eucalyptus_double"}
{"ctxid":0,"pos":[1552.39868,-6505.66357,-547.846069],"rotationMatrix":[0.245706216,-0.969344318,0,0.969344318,0.245706216,0,0,0,1],"scale":1,"type":"eucalyptus_double"}
{"ctxid":0,"pos":[1511.10974,-6447.4165,-544.511597],"rotationMatrix":[0.990449011,-0.137879387,0,0.137879387,0.990449011,0,0,0,1],"scale":1,"type":"eucalyptus_double"}
{"ctxid":0,"pos":[1908.78516,-6365.04834,-548.85376],"rotationMatrix":[0.987059355,-0.160355225,0,0.160355225,0.987059355,0,0,0,1],"scale":1,"type":"eucalyptus_double"}
{"ctxid":0,"pos":[1911.57458,-6361.98828,-548.627136],"rotationMatrix":[-0.980191827,0.198050439,0,-0.198050439,-0.980191827,0,0,0,1],"scale":1,"type":"eucalyptus_double"}
{"ctxid":0,"pos":[1898.83862,-6336.05469,-547.156311],"rotationMatrix":[-0.995096385,-0.098910138,0,0.098910138,-0.995096385,0,0,0,1],"scale":1,"type":"eucalyptus_double"}
{"ctxid":0,"pos":[1928.20044,-6371.43066,-549.010681],"rotationMatrix":[0.793247104,-0.608899891,0,0.608899891,0.793247104,0,0,0,1],"scale":1,"type":"eucalyptus_double"}
{"ctxid":0,"pos":[1882.65979,-6360.84668,-548.804199],"rotationMatrix":[-0.876930416,0.480617374,0,-0.480617374,-0.876930416,0,0,0,1],"scale":1,"type":"eucalyptus_double"}
{"ctxid":0,"pos":[1879.38574,-6347.1875,-548.0495],"rotationMatrix":[-0.922053158,-0.387063205,0,0.387063205,-0.922053158,0,0,0,1],"scale":1,"type":"eucalyptus_double"}
{"ctxid":0,"pos":[1850.03857,-6386.41504,-549.727661],"rotationMatrix":[-0.614880145,-0.788620591,0,0.788620591,-0.614880145,0,0,0,1],"scale":1,"type":"eucalyptus_double"}
{"ctxid":0,"pos":[1882.65686,-6328.94873,-546.985474],"rotationMatrix":[-0.976497352,0.215529442,0,-0.215529442,-0.976497352,0,0,0,1],"scale":1,"type":"eucalyptus_double"}
{"ctxid":0,"pos":[1949.55859,-6500.98828,-551.38269],"rotationMatrix":[-0.0708786175,0.997484922,0,-0.997484922,-0.0708786175,0,0,0,1],"scale":1,"type":"eucalyptus_double"}
{"ctxid":0,"pos":[1976.68408,-6441.95557,-551.08606],"rotationMatrix":[-0.429863125,0.90289408,0,-0.90289408,-0.429863125,0,0,0,1],"scale":1,"type":"eucalyptus_double"}
{"ctxid":0,"pos":[1974.90308,-6456.83887,-551.339966],"rotationMatrix":[0.787130773,0.616786122,0,-0.616786122,0.787130773,0,0,0,1],"scale":1,"type":"eucalyptus_double"}
{"ctxid":0,"pos":[1984.96082,-6456.16162,-551.196777],"rotationMatrix":[0.999997556,-0.00222243113,0,0.00222243113,0.999997556,0,0,0,1],"scale":1,"type":"eucalyptus_double"}
{"ctxid":0,"pos":[1986.90771,-6477.41455,-551.177917],"rotationMatrix":[-0.826877058,0.562382758,0,-0.562382758,-0.826877058,0,0,0,1],"scale":1,"type":"eucalyptus_double"}
{"ctxid":0,"pos":[2024.43982,-6476.17334,-550.56604],"rotationMatrix":[0.473908901,-0.880573869,0,0.880573869,0.473908901,0,0,0,1],"scale":1,"type":"eucalyptus_double"}
{"ctxid":0,"pos":[2006.24133,-6498.79199,-550.864319],"rotationMatrix":[0.972578943,0.232573047,0,-0.232573047,0.972578943,0,0,0,1],"scale":1,"type":"eucalyptus_double"}
{"ctxid":0,"pos":[2012.45776,-6497.2876,-550.797974],"rotationMatrix":[-0.93013519,-0.367217332,0,0.367217332,-0.93013519,0,0,0,1],"scale":1,"type":"eucalyptus_double"}
{"ctxid":0,"pos":[2120.87305,-6374.47852,-543.149414],"rotationMatrix":[-0.69204706,0.721852362,0,-0.721852362,-0.69204706,0,0,0,1],"scale":1,"type":"eucalyptus_double"}
{"ctxid":0,"pos":[2117.45435,-6394.36279,-545.181519],"rotationMatrix":[-0.462890506,-0.886415482,0,0.886415482,-0.462890506,0,0,0,1],"scale":1,"type":"eucalyptus_double"}
{"ctxid":0,"pos":[2012.77478,-6197.42334,-537.328796],"rotationMatrix":[0.780069232,-0.625693262,0,0.625693262,0.780069232,0,0,0,1],"scale":1,"type":"eucalyptus_double"}
{"ctxid":0,"pos":[2013.96057,-6187.46631,-536.87915],"rotationMatrix":[0.340744525,0.940155923,0,-0.940155923,0.340744525,0,0,0,1],"scale":1,"type":"eucalyptus_double"}
{"ctxid":0,"pos":[2183.71777,-5927.92383,-520.421082],"rotationMatrix":[0.270824611,0.962628722,0,-0.962628722,0.270824611,0,0,0,1],"scale":1,"type":"eucalyptus_double"}
{"ctxid":0,"pos":[2195.64062,-5941.62109,-521.444092],"rotationMatrix":[0.971844733,-0.235622212,0,0.235622212,0.971844733,0,0,0,1],"scale":1,"type":"eucalyptus_double"}
{"ctxid":0,"pos":[2146.70923,-5932.04932,-520.36499],"rotationMatrix":[0.99982208,0.018863814,0,-0.018863814,0.99982208,0,0,0,1],"scale":1,"type":"eucalyptus_double"}
{"ctxid":0,"pos":[2138.88818,-5938.65088,-520.754395],"rotationMatrix":[0.853441656,0.521188438,0,-0.521188438,0.853441656,0,0,0,1],"scale":1,"type":"eucalyptus_double"}
{"ctxid":0,"pos":[2163.74707,-5967.41309,-523.331421],"rotationMatrix":[-0.255444527,0.966823697,0,-0.966823697,-0.255444527,0,0,0,1],"scale":1,"type":"eucalyptus_double"}
{"ctxid":0,"pos":[2180.92676,-5948.96289,-521.770386],"rotationMatrix":[0.587410867,-0.809288859,0,0.809288859,0.587410867,0,0,0,1],"scale":1,"type":"eucalyptus_double"}
{"ctxid":0,"pos":[2193.58228,-5967.44727,-522.983154],"rotationMatrix":[0.929147959,0.369708091,0,-0.369708091,0.929147959,0,0,0,1],"scale":1,"type":"eucalyptus_double"}
{"ctxid":0,"pos":[2165.76562,-5962.05957,-522.556458],"rotationMatrix":[0.814391673,0.58031559,0,-0.58031559,0.814391673,0,0,0,1],"scale":1,"type":"eucalyptus_double"}
{"ctxid":0,"pos":[2150.19727,-5999.36084,-532.775269],"rotationMatrix":[0.894468665,-0.447130591,0,0.447130591,0.894468665,0,0,0,1],"scale":1,"type":"eucalyptus_double"}
{"ctxid":0,"pos":[2193.82446,-5956.02197,-522.317383],"rotationMatrix":[0.987179518,0.159613982,0,-0.159613982,0.987179518,0,0,0,1],"scale":1,"type":"eucalyptus_double"}
{"ctxid":0,"pos":[2207.33301,-5958.50439,-522.622925],"rotationMatrix":[-0.348407984,0.937343001,0,-0.937343001,-0.348407984,0,0,0,1],"scale":1,"type":"eucalyptus_double"}
{"ctxid":0,"pos":[2191.09277,-5948.43848,-521.776855],"rotationMatrix":[-0.231993973,-0.972717226,0,0.972717226,-0.231993973,0,0,0,1],"scale":1,"type":"eucalyptus_double"}
{"ctxid":0,"pos":[2148.9436,-5952.91895,-521.9151],"rotationMatrix":[-0.114321597,-0.993443787,0,0.993443787,-0.114321597,0,0,0,1],"scale":1,"type":"eucalyptus_double"}
{"ctxid":0,"pos":[2336.7373,-6106.17236,-527.635376],"rotationMatrix":[-0.789324224,0.613976598,0,-0.613976598,-0.789324224,0,0,0,1],"scale":1,"type":"eucalyptus_double"}
{"ctxid":0,"pos":[4305.35596,-6290.69629,-551.180237],"rotationMatrix":[0.129963934,-0.991518617,0,0.991518617,0.129963934,0,0,0,0.999999881],"scale":1,"type":"eucalyptus_double"}
{"ctxid":0,"pos":[4316.11865,-6373.45264,-546.49646],"rotationMatrix":[-0.932016075,-0.362416625,0,0.362416625,-0.932016075,0,0,0,0.999999881],"scale":1,"type":"eucalyptus_double"}
{"ctxid":0,"pos":[5631.21143,-3977.04053,-557.407166],"rotationMatrix":[0.125348076,-0.992112696,0,0.992112696,0.125348076,0,0,0,0.999999881],"scale":1,"type":"eucalyptus_double"}
{"ctxid":0,"pos":[5620.53613,-3966.91846,-558.13562],"rotationMatrix":[0.862954855,-0.504822552,0.0215076357,0.499078125,0.844940543,-0.192343473,0.078926675,0.176717803,0.981091559],"scale":1,"type":"eucalyptus_double"}
{"ctxid":1,"pos":[5431.7251,-891.69574,-537.046875],"rotationMatrix":[0.961467028,0.274920046,0,-0.274920046,0.961467028,0,0,0,0.999999881],"scale":1,"type":"eucalyptus_double"}
{"ctxid":1,"pos":[5433.3252,-895.915955,-537.568237],"rotationMatrix":[0.665279329,-0.746594429,0,0.746594429,0.665279329,0,0,0,0.999999881],"scale":1,"type":"eucalyptus_double"}
{"ctxid":1,"pos":[5296.26221,-1062.84229,-538.701599],"rotationMatrix":[-0.967073381,0.25449729,0,-0.25449729,-0.967073381,0,0,0,0.999999881],"scale":1,"type":"eucalyptus_double"}
{"ctxid":1,"pos":[5309.11035,-1100.4364,-544.062866],"rotationMatrix":[-0.671401322,0.741093755,0,-0.741093755,-0.671401322,0,0,0,0.999999881],"scale":1,"type":"eucalyptus_double"}
{"ctxid":1,"pos":[5287.77539,-1098.31775,-541.695435],"rotationMatrix":[0.707452595,0.706760824,0,-0.706760824,0.707452595,0,0,0,0.999999881],"scale":1,"type":"eucalyptus_double"}
{"ctxid":1,"pos":[5292.18848,-1098.97327,-542.217468],"rotationMatrix":[-0.0241273493,0.999708831,0,-0.999708831,-0.0241273493,0,0,0,0.999999881],"scale":1,"type":"eucalyptus_double"}
{"ctxid":1,"pos":[5285.09766,-1083.29968,-539.794312],"rotationMatrix":[0.684623718,-0.728896558,0,0.728896558,0.684623718,0,0,0,0.999999881],"scale":1,"type":"eucalyptus_double"}
{"ctxid":1,"pos":[5318.08887,-1063.19958,-540.925354],"rotationMatrix":[0.0728430375,0.997343302,0,-0.997343302,0.0728430375,0,0,0,0.999999881],"scale":1,"type":"eucalyptus_double"}
{"ctxid":1,"pos":[5309.18262,-1076.23755,-541.456604],"rotationMatrix":[-0.540124059,0.841585219,0,-0.841585219,-0.540124059,0,0,0,0.999999881],"scale":1,"type":"eucalyptus_double"}
{"ctxid":1,"pos":[5327.74316,-1035.99365,-538.940063],"rotationMatrix":[0.987890184,-0.155153811,0,0.155153811,0.987890184,0,0,0,0.999999881],"scale":1,"type":"eucalyptus_double"}
{"ctxid":1,"pos":[5366.86816,-988.841187,-537.750427],"rotationMatrix":[0.890494943,-0.45499292,0,0.45499292,0.890494943,0,0,0,0.999999881],"scale":1,"type":"eucalyptus_double"}
{"ctxid":1,"pos":[5360.51807,-998.855225,-538.196777],"rotationMatrix":[-0.689333618,-0.724443853,0,0.724443853,-0.689333618,0,0,0,0.999999881],"scale":1,"type":"eucalyptus_double"}
{"ctxid":1,"pos":[5379.83447,-985.066956,-538.644775],"rotationMatrix":[-0.674450219,-0.738320172,0,0.738320172,-0.674450219,0,0,0,0.999999881],"scale":1,"type":"eucalyptus_double"}
{"ctxid":1,"pos":[5330.53418,-999.485962,-535.256226],"rotationMatrix":[0.847120941,0.531400025,0,-0.531400025,0.847120941,0,0,0,0.999999881],"scale":1,"type":"eucalyptus_double"}
{"ctxid":1,"pos":[5363.3125,-1041.71387,-543.106323],"rotationMatrix":[-0.455383092,-0.890295565,0,0.890295565,-0.455383092,0,0,0,0.999999881],"scale":1,"type":"eucalyptus_double"}
{"ctxid":1,"pos":[5350.03564,-1041.85498,-541.817627],"rotationMatrix":[0.376847118,-0.926275373,0,0.926275373,0.376847118,0,0,0,0.999999881],"scale":1,"type":"eucalyptus_double"}
