{"ctxid":0,"pos":[-3873.32007,-3895.28003,-496.247986],"rotationMatrix":[0.707999229,-0.706197202,0,0.706197202,0.707999229,0,0,0,1],"scale":0.0270000007,"type":"road_sign_5"}
{"ctxid":0,"pos":[1655.27002,2045.68994,-548.117004],"rotationMatrix":[-0.985625863,-0.168989435,0,0.168989435,-0.985625863,0,0,0,1],"scale":0.0270000007,"type":"road_sign_5"}
{"ctxid":0,"pos":[1393.58997,2245.97998,-541.138],"rotationMatrix":[-0.736129761,0.676973224,0,-0.676973224,-0.736129761,0,0,0,1],"scale":0.0270000007,"type":"road_sign_5"}
{"ctxid":0,"pos":[1132.01001,2125.95996,-557.182007],"rotationMatrix":[0.532455504,-0.846415102,0,0.846415102,0.532455504,0,0,0,1],"scale":0.0270000007,"type":"road_sign_5"}
{"ctxid":0,"pos":[3948.05005,1878.68005,-420.666992],"rotationMatrix":[0.842190385,-0.539159477,0,0.539159477,0.842190385,0,0,0,1],"scale":0.0270000007,"type":"road_sign_5"}
{"ctxid":0,"pos":[3934.84009,1992.56995,-447.906006],"rotationMatrix":[0.542458177,-0.840086102,0,0.840086102,0.542458177,0,0,0,1],"scale":0.0270000007,"type":"road_sign_5"}
{"ctxid":0,"pos":[3909.6001,1777.57996,-422.955994],"rotationMatrix":[-0.931005359,0.364741117,0,-0.364741117,-0.931005359,0,0,0,1],"scale":0.0270000007,"type":"road_sign_5"}
{"ctxid":0,"pos":[3965.65991,1692.51001,-374.006989],"rotationMatrix":[-0.840512872,0.541620731,0,-0.541620731,-0.840512872,0,0,0,1],"scale":0.0270000007,"type":"road_sign_5"}
{"ctxid":0,"pos":[3738.8999,1826.65002,-534.609985],"rotationMatrix":[-0.968524814,-0.248818696,0,0.248818696,-0.968524814,0,0,0,1],"scale":0.0270000007,"type":"road_sign_5"}
{"ctxid":0,"pos":[3610.13989,1866.59998,-548.518005],"rotationMatrix":[0.130119503,-0.991492271,0,0.991492271,0.130119503,0,0,0,1],"scale":0.0270000007,"type":"road_sign_5"}
{"ctxid":0,"pos":[3964.48999,1168.16003,-556.197998],"rotationMatrix":[-0.260236859,-0.965578318,0,0.965578318,-0.260236859,0,0,0,1],"scale":0.0270000007,"type":"road_sign_5"}
{"ctxid":0,"pos":[3782.72998,1247.35999,-551.619995],"rotationMatrix":[0.475097418,0.879926503,0,-0.879926503,0.475097418,0,0,0,1],"scale":0.0270000007,"type":"road_sign_5"}
{"ctxid":0,"pos":[3272.94995,1136,-558.275024],"rotationMatrix":[-0.980049968,-0.198204011,0,0.198204011,-0.980049968,0,0,0,1],"scale":0.0270000007,"type":"road_sign_5"}
{"ctxid":0,"pos":[3087.16992,947.896973,-547.098022],"rotationMatrix":[-0.999599934,0.034396559,0,-0.034396559,-0.999599934,0,0,0,1],"scale":0.0270000007,"type":"road_sign_5"}
{"ctxid":0,"pos":[3098.32007,961.500977,-547.867981],"rotationMatrix":[0.98872,0.149779439,0,-0.149779439,0.98872,0,0,0,1],"scale":0.0270000007,"type":"road_sign_5"}
{"ctxid":0,"pos":[2950.09009,627.03302,-547.56897],"rotationMatrix":[-0.980846047,-0.195656314,0,0.195656314,-0.980846047,0,0,0,1],"scale":0.0270000007,"type":"road_sign_5"}
{"ctxid":0,"pos":[2921.13989,733.533997,-544.921021],"rotationMatrix":[0.847979009,-0.530005693,0,0.530005693,0.847979009,0,0,0,1],"scale":0.0270000007,"type":"road_sign_5"}
{"ctxid":0,"pos":[2096.43994,-366.528015,-515.242004],"rotationMatrix":[0.364259183,-0.931284845,0,0.931284845,0.364259183,0,0,0,1],"scale":0.0270000007,"type":"road_sign_5"}
{"ctxid":0,"pos":[2049.69995,-614.575012,-447.526001],"rotationMatrix":[-0.987220526,-0.160484806,0,0.160484806,-0.987220526,0,0,0,1],"scale":0.0270000007,"type":"road_sign_5"}
{"ctxid":0,"pos":[5110.31982,2172.38989,-181.246002],"rotationMatrix":[0.808790743,0.588098347,0,-0.588098347,0.808790743,0,0,0,1],"scale":0.0270000007,"type":"road_sign_5"}
{"ctxid":0,"pos":[4858.85986,2896.57007,-225.985992],"rotationMatrix":[-0.374813676,-0.926933825,0,0.926933825,-0.374813676,0,0,0,1],"scale":0.0270000007,"type":"road_sign_5"}
{"ctxid":0,"pos":[4677.02979,2941.8501,-264.825012],"rotationMatrix":[0.480004013,0.877231896,0,-0.877231896,0.480004013,0,0,0,1],"scale":0.0270000007,"type":"road_sign_5"}
{"ctxid":0,"pos":[4634.25,2960.41992,-255.091995],"rotationMatrix":[0.394999981,0.918720007,0,-0.918720007,0.394999981,0,0,0,1],"scale":0.0270000007,"type":"road_sign_5"}
{"ctxid":0,"pos":[4657.87988,2756.72998,-346.458008],"rotationMatrix":[-0.99200809,0.125348791,0,-0.125348791,-0.99200809,0,0,0,1],"scale":0.0270000007,"type":"road_sign_5"}
{"ctxid":0,"pos":[4621.56982,2873.20996,-331.923004],"rotationMatrix":[0.777555466,0.628780901,0,-0.628780901,0.777555466,0,0,0,1],"scale":0.0270000007,"type":"road_sign_5"}
{"ctxid":0,"pos":[4798.52002,2371.1499,-295.031006],"rotationMatrix":[-0.961784363,0.273944646,0,-0.273944646,-0.961784363,0,0,0,1],"scale":0.0270000007,"type":"road_sign_5"}
{"ctxid":0,"pos":[4875.25,2223.30005,-244.311005],"rotationMatrix":[0.78299129,0.62203896,0,-0.62203896,0.78299129,0,0,0,1],"scale":0.0270000007,"type":"road_sign_5"}
{"ctxid":0,"pos":[4859.97998,2014.25,-324.959015],"rotationMatrix":[-0.496450067,-0.868113995,0,0.868113995,-0.496450067,0,0,0,1],"scale":0.0270000007,"type":"road_sign_5"}
{"ctxid":0,"pos":[4781.70996,2096.06006,-311.428986],"rotationMatrix":[0.874799907,0.484487295,0,-0.484487295,0.874799907,0,0,0,1],"scale":0.0270000007,"type":"road_sign_5"}
{"ctxid":0,"pos":[4040.36011,2954.01001,-414.437988],"rotationMatrix":[-0.147006631,-0.989185333,0,0.989185333,-0.147006631,0,0,0,1],"scale":0.0270000007,"type":"road_sign_5"}
{"ctxid":0,"pos":[5483.77979,-3132.56006,-543.442993],"rotationMatrix":[-0.608859181,0.793397725,0,-0.793397725,-0.608859181,0,0,0,1],"scale":0.0270000007,"type":"road_sign_5"}
{"ctxid":0,"pos":[4318.60986,-3175.51001,-556.992004],"rotationMatrix":[0.367557347,-0.926375031,0.0824430808,0.924557924,0.373561203,0.0755648389,-0.100797959,0.0484425202,0.993727207],"scale":0.0270000007,"type":"road_sign_5"}
{"ctxid":0,"pos":[-1731.21997,-3710.20996,-524.922974],"rotationMatrix":[0.225485325,-0.974272966,0,0.974272966,0.225485325,0,0,0,1],"scale":0.0270000007,"type":"road_sign_5"}
{"ctxid":0,"pos":[-783.971985,-36.5425987,-533.870972],"rotationMatrix":[0.831103265,-0.556092143,0,0.556092143,0.831103265,0,0,0,1],"scale":0.0270000007,"type":"road_sign_5"}
{"ctxid":0,"pos":[-966.403015,-115.977997,-546.257019],"rotationMatrix":[-0.0916508436,0.995754659,0,-0.995754659,-0.0916508436,0,0,0,1],"scale":0.0270000007,"type":"road_sign_5"}
{"ctxid":0,"pos":[3903.58008,2949.96997,-398.937988],"rotationMatrix":[-0.309285522,0.951016128,0,-0.951016128,-0.309285522,0,0,0,1],"scale":0.0270000007,"type":"road_sign_5"}
{"ctxid":0,"pos":[3757.25,2811.13989,-452.493988],"rotationMatrix":[0.733987808,-0.679144323,0,0.679144323,0.733987808,0,0,0,1],"scale":0.0270000007,"type":"road_sign_5"}
{"ctxid":0,"pos":[3759.02002,2662.62012,-466.063995],"rotationMatrix":[0.959159195,0.282856286,0,-0.282856286,0.959159195,0,0,0,1],"scale":0.0270000007,"type":"road_sign_5"}
{"ctxid":0,"pos":[3638.81006,2829.37012,-398.272003],"rotationMatrix":[-0.923937201,0.382119685,0,-0.382119685,-0.923937201,0,0,0,1],"scale":0.0270000007,"type":"road_sign_5"}
{"ctxid":0,"pos":[3713.63989,2657.69995,-433.296997],"rotationMatrix":[-0.979651928,0.201367751,0,-0.201367751,-0.979651928,0,0,0,1],"scale":0.0270000007,"type":"road_sign_5"}
{"ctxid":0,"pos":[3808.16992,2296.17993,-443.161011],"rotationMatrix":[-0.951497674,-0.307798475,0,0.307798475,-0.951497674,0,0,0,1],"scale":0.0270000007,"type":"road_sign_5"}
{"ctxid":0,"pos":[3348.83008,2858.69995,-404.221985],"rotationMatrix":[0.103271663,0.99462384,0,-0.99462384,0.103271663,0,0,0,1],"scale":0.0270000007,"type":"road_sign_5"}
{"ctxid":0,"pos":[3386.06006,2676.53003,-428.105011],"rotationMatrix":[0.999830723,0.0184000004,0,-0.0184000004,0.999830723,0,0,0,1],"scale":0.0270000007,"type":"road_sign_5"}
{"ctxid":0,"pos":[2757.43994,3427.3999,-453.292999],"rotationMatrix":[0.910535514,-0.413440198,0,0.413440198,0.910535514,0,0,0,1],"scale":0.0270000007,"type":"road_sign_5"}
{"ctxid":0,"pos":[2583.79004,3072.3999,-418.872986],"rotationMatrix":[-0.72014153,-0.694066107,0,0.694066107,-0.72014153,0,0,0,1],"scale":0.0270000007,"type":"road_sign_5"}
{"ctxid":0,"pos":[2580.29004,2828.71997,-451.634003],"rotationMatrix":[-0.389777899,0.920794487,0,-0.920794487,-0.389777899,0,0,0,1],"scale":0.0270000007,"type":"road_sign_5"}
{"ctxid":0,"pos":[2946.16992,2222.56006,-544.314026],"rotationMatrix":[-0.247252107,-0.968961835,0,0.968961835,-0.247252107,0,0,0,1],"scale":0.0270000007,"type":"road_sign_5"}
{"ctxid":0,"pos":[2765.92993,2247.27002,-544.989014],"rotationMatrix":[-0.136127472,-0.99066329,0,0.99066329,-0.136127472,0,0,0,1],"scale":0.0270000007,"type":"road_sign_5"}
{"ctxid":0,"pos":[2149.3501,2870.04004,-494.627014],"rotationMatrix":[-0.809182405,0.58777976,0,-0.58777976,-0.809182405,0,0,0,1],"scale":0.0270000007,"type":"road_sign_5"}
{"ctxid":0,"pos":[5017.06982,1954.58997,-272.304993],"rotationMatrix":[-0.470955372,0.882127285,0,-0.882127285,-0.470955372,0,0,0,1],"scale":0.0270000007,"type":"road_sign_5"}
{"ctxid":0,"pos":[5163.12988,1396.06995,-302.061005],"rotationMatrix":[-0.312847972,-0.949716389,0,0.949716389,-0.312847972,0,0,0,1],"scale":0.0270000007,"type":"road_sign_5"}
{"ctxid":0,"pos":[5003.18994,1071.10999,-464.916992],"rotationMatrix":[-0.883740425,0.467780977,0,-0.467780977,-0.883740425,0,0,0,1],"scale":0.0270000007,"type":"road_sign_5"}
{"ctxid":0,"pos":[4889.1499,1942.02002,-327.09201],"rotationMatrix":[-0.954659939,-0.297766328,0,0.297766328,-0.954659939,0,0,0,1],"scale":0.0270000007,"type":"road_sign_5"}
{"ctxid":0,"pos":[4838.62012,1292.37,-411.464996],"rotationMatrix":[-0.110348105,-0.993814349,0,0.993814349,-0.110348105,0,0,0,1],"scale":0.0270000007,"type":"road_sign_5"}
{"ctxid":0,"pos":[4585.83984,1256.93005,-434.022003],"rotationMatrix":[0.802556694,0.596602976,0,-0.596602976,0.802556694,0,0,0,1],"scale":0.0270000007,"type":"road_sign_5"}
{"ctxid":0,"pos":[4381.83984,1935.52002,-367.419006],"rotationMatrix":[-0.083686471,-0.996532261,0,0.996532261,-0.083686471,0,0,0,1],"scale":0.0270000007,"type":"road_sign_5"}
{"ctxid":0,"pos":[4409.08984,1828.52002,-320.803986],"rotationMatrix":[0.52819097,-0.849100769,0,0.849100769,0.52819097,0,0,0,1],"scale":0.0270000007,"type":"road_sign_5"}
{"ctxid":0,"pos":[4471.16992,1746.06006,-286.006989],"rotationMatrix":[0.66641891,-0.74557507,0,0.74557507,0.66641891,0,0,0,1],"scale":0.0270000007,"type":"road_sign_5"}
{"ctxid":0,"pos":[4302.58008,1664.33997,-303.369995],"rotationMatrix":[-0.47782433,0.87851119,0,-0.87851119,-0.47782433,0,0,0,1],"scale":0.0270000007,"type":"road_sign_5"}
{"ctxid":0,"pos":[4370.74023,1531.52002,-260.098999],"rotationMatrix":[0.078732729,0.996874511,0,-0.996874511,0.078732729,0,0,0,1],"scale":0.0270000007,"type":"road_sign_5"}
{"ctxid":0,"pos":[4200.00977,1756.02002,-351.074005],"rotationMatrix":[0.388160825,0.921575248,0,-0.921575248,0.388160825,0,0,0,1],"scale":0.0270000007,"type":"road_sign_5"}
{"ctxid":0,"pos":[4030.09009,1836.82996,-387.393005],"rotationMatrix":[0.972855508,-0.2314156,0,0.2314156,0.972855508,0,0,0,1],"scale":0.0270000007,"type":"road_sign_5"}
{"ctxid":0,"pos":[4422.91016,1370.64001,-378.984009],"rotationMatrix":[0.126422405,0.992010951,0,-0.992010951,0.126422405,0,0,0,1],"scale":0.0270000007,"type":"road_sign_5"}
{"ctxid":0,"pos":[4187.35986,1211.09998,-556.666016],"rotationMatrix":[0.661664605,-0.749799907,0,0.749799907,0.661664605,0,0,0,1],"scale":0.0270000007,"type":"road_sign_5"}
{"ctxid":0,"pos":[-2727.53003,-4175.56006,-464.667999],"rotationMatrix":[-0.996002078,-0.0891107991,0,0.0891107991,-0.996002078,0,0,0,1],"scale":0.0270000007,"type":"road_sign_5"}
{"ctxid":0,"pos":[-2994.8501,-4318.56982,-479.488007],"rotationMatrix":[0.947641492,-0.319328487,0,0.319328487,0.947641492,0,0,0,1],"scale":0.0270000007,"type":"road_sign_5"}
{"ctxid":0,"pos":[-2631.32007,-5459.14014,-512.234009],"rotationMatrix":[-0.932971239,0.360404462,0,-0.360404462,-0.932971239,0,0,0,1],"scale":0.0270000007,"type":"road_sign_5"}
{"ctxid":0,"pos":[-3040.96997,-4402.75977,-486.795013],"rotationMatrix":[-0.996801257,0.0791366398,0,-0.0791366398,-0.996801257,0,0,0,1],"scale":0.0270000007,"type":"road_sign_5"}
{"ctxid":0,"pos":[-2050.78003,1403.03003,-549.596985],"rotationMatrix":[0.0995180011,-0.994958818,0,0.994958818,0.0995180011,0,0,0,1],"scale":0.0270000007,"type":"road_sign_5"}
{"ctxid":0,"pos":[480.514008,-2913.16992,-519.27002],"rotationMatrix":[0.999984324,-0.0055999998,0,0.0055999998,0.999984324,0,0,0,1],"scale":0.0270000007,"type":"road_sign_5"}
{"ctxid":0,"pos":[620.624023,-3363.58008,-502.278015],"rotationMatrix":[-0.481608987,0.876192629,0,-0.876192629,-0.481608987,0,0,0,1],"scale":0.0270000007,"type":"road_sign_5"}
{"ctxid":0,"pos":[2286.8999,-3141.54004,-520.715027],"rotationMatrix":[0.267223775,0.96363759,0,-0.96363759,0.267223775,0,0,0,1],"scale":0.0270000007,"type":"road_sign_5"}
{"ctxid":0,"pos":[5159.2998,-340.144989,-488.412994],"rotationMatrix":[-0.687651992,-0.725877762,0,0.725877762,-0.687651992,0,0,0,1],"scale":0.0270000007,"type":"road_sign_5"}
{"ctxid":0,"pos":[-179.371002,998.471008,-558.612976],"rotationMatrix":[-0.586336851,0.809911668,0,-0.809911668,-0.586336851,0,0,0,1],"scale":0.0270000007,"type":"road_sign_5"}
{"ctxid":0,"pos":[-302.229004,903.241028,-549.127014],"rotationMatrix":[-0.671889067,0.740583003,0,-0.740583003,-0.671889067,0,0,0,1],"scale":0.0270000007,"type":"road_sign_5"}
{"ctxid":0,"pos":[-639.515015,645.814026,-527.533997],"rotationMatrix":[0.9794361,-0.201745436,0,0.201745436,0.9794361,0,0,0,1],"scale":0.0270000007,"type":"road_sign_5"}
{"ctxid":0,"pos":[-646.267029,243.936996,-538.916992],"rotationMatrix":[0.975402355,0.220424831,0,-0.220424831,0.975402355,0,0,0,1],"scale":0.0270000007,"type":"road_sign_5"}
{"ctxid":0,"pos":[-954.445007,240.246002,-553.070007],"rotationMatrix":[-0.994004488,0.111033194,0,-0.111033194,-0.994004488,0,0,0,1],"scale":0.0270000007,"type":"road_sign_5"}
{"ctxid":0,"pos":[-1622.62,1279.40002,-560.387024],"rotationMatrix":[-0.234334707,-0.972258568,0,0.972258568,-0.234334707,0,0,0,1],"scale":0.0270000007,"type":"road_sign_5"}
{"ctxid":0,"pos":[-1848.43994,1354.88,-552.127991],"rotationMatrix":[0.18182373,0.983321011,0,-0.983321011,0.18182373,0,0,0,1],"scale":0.0270000007,"type":"road_sign_5"}
{"ctxid":0,"pos":[1642.68994,-656.317017,-555.672974],"rotationMatrix":[0.371679425,0.928412199,0,-0.928412199,0.371679425,0,0,0,1],"scale":0.0270000007,"type":"road_sign_5"}
{"ctxid":0,"pos":[1179.48999,-1767.15002,-530.643005],"rotationMatrix":[-0.881800056,-0.471808016,0,0.471808016,-0.881800056,0,0,0,1],"scale":0.0270000007,"type":"road_sign_5"}
{"ctxid":0,"pos":[688.419983,-355.065002,-557.393005],"rotationMatrix":[-0.470955372,-0.882127285,0,0.882127285,-0.470955372,0,0,0,1],"scale":0.0270000007,"type":"road_sign_5"}
{"ctxid":0,"pos":[1059.29004,1969.55005,-556.93103],"rotationMatrix":[-0.639860511,0.768407285,0,-0.768407285,-0.639860511,0,0,0,1],"scale":0.0270000007,"type":"road_sign_5"}
{"ctxid":0,"pos":[1419.39001,1338,-562.169983],"rotationMatrix":[-0.585980535,-0.810355008,0,0.810355008,-0.585980535,0,0,0,1],"scale":0.0270000007,"type":"road_sign_5"}
{"ctxid":0,"pos":[1421.10999,1351.43994,-562.258972],"rotationMatrix":[0.592837095,0.805301785,0,-0.805301785,0.592837095,0,0,0,1],"scale":0.0270000007,"type":"road_sign_5"}
