{"ctxid":0,"pos":[-3189.81006,-3697.87988,-502.609009],"rotationMatrix":[-0.987220526,0.160484806,0,-0.160484806,-0.987220526,0,0,0,1],"scale":0.0270000007,"type":"road_sign_4"}
{"ctxid":0,"pos":[-3126.52002,-3768.78003,-498.670013],"rotationMatrix":[0.906255484,0.422737896,0,-0.422737896,0.906255484,0,0,0,1],"scale":0.0270000007,"type":"road_sign_4"}
{"ctxid":0,"pos":[-3761.82007,-3875.3501,-498.25],"rotationMatrix":[0.507372618,0.861775339,0,-0.861775339,0.507372618,0,0,0,1],"scale":0.0270000007,"type":"road_sign_4"}
{"ctxid":0,"pos":[1607.31006,3220.36011,-553.679993],"rotationMatrix":[0.150052786,0.988671541,0,-0.988671541,0.150052786,0,0,0,1],"scale":0.0270000007,"type":"road_sign_4"}
{"ctxid":0,"pos":[1636.37,2281.87988,-545.838013],"rotationMatrix":[0.104342699,0.99456501,0,-0.99456501,0.104342699,0,0,0,1],"scale":0.0270000007,"type":"road_sign_4"}
{"ctxid":0,"pos":[1519.18994,2284.11011,-543.267029],"rotationMatrix":[-0.120205045,0.992677748,0,-0.992677748,-0.120205045,0,0,0,1],"scale":0.0270000007,"type":"road_sign_4"}
{"ctxid":0,"pos":[1222.70996,2207.5,-554.870972],"rotationMatrix":[-0.0828033686,0.996567607,0,-0.996567607,-0.0828033686,0,0,0,1],"scale":0.0270000007,"type":"road_sign_4"}
{"ctxid":0,"pos":[3986.72998,1868.18005,-414.817993],"rotationMatrix":[0.895279169,-0.291355222,0.337021291,0.27265349,0.956614077,0.102703258,-0.352322757,-5.61028719e-05,0.935877264],"scale":0.0270000007,"type":"road_sign_4"}
{"ctxid":0,"pos":[3873.65991,1789.46997,-425.576996],"rotationMatrix":[-0.999599934,0.0319968015,0,-0.0319968015,-0.999599934,0,0,0,1],"scale":0.0270000007,"type":"road_sign_4"}
{"ctxid":0,"pos":[3936,1711.29004,-376.433014],"rotationMatrix":[-0.876371861,0.481587917,0,-0.481587917,-0.876371861,0,0,0,1],"scale":0.0270000007,"type":"road_sign_4"}
{"ctxid":0,"pos":[3675.71997,1823.16003,-547.47998],"rotationMatrix":[0.966769576,0.255660266,0,-0.255660266,0.966769576,0,0,0,1],"scale":0.0270000007,"type":"road_sign_4"}
{"ctxid":0,"pos":[3646.43994,1438.06995,-535.857971],"rotationMatrix":[-0.998800278,-0.0499850027,0,0.0499850027,-0.998800278,0,0,0,1],"scale":0.0270000007,"type":"road_sign_4"}
{"ctxid":0,"pos":[3250.5,1951.43994,-529.479004],"rotationMatrix":[-0.888013124,-0.459566802,0,0.459566802,-0.888013124,0,0,0,1],"scale":0.0270000007,"type":"road_sign_4"}
{"ctxid":0,"pos":[3165.81006,1036.18994,-553.687012],"rotationMatrix":[0.266739547,0.963713765,0,-0.963713765,0.266739547,0,0,0,1],"scale":0.0270000007,"type":"road_sign_4"}
{"ctxid":0,"pos":[3214.26001,1037.84998,-555.258972],"rotationMatrix":[0.575510979,-0.817742527,0,0.817742527,0.575510979,0,0,0,1],"scale":0.0270000007,"type":"road_sign_4"}
{"ctxid":0,"pos":[3056.23999,873.065002,-541.39502],"rotationMatrix":[0.615961552,-0.787795901,0,0.787795901,0.615961552,0,0,0,1],"scale":0.0270000007,"type":"road_sign_4"}
{"ctxid":0,"pos":[2930.20996,793.414001,-542.935974],"rotationMatrix":[-0.626847148,0.779241621,0,-0.779241621,-0.626847148,0,0,0,1],"scale":0.0270000007,"type":"road_sign_4"}
{"ctxid":0,"pos":[2914.3999,568.14801,-552.533997],"rotationMatrix":[0.0879397988,-0.996067524,0,0.996067524,0.0879397988,0,0,0,1],"scale":0.0270000007,"type":"road_sign_4"}
{"ctxid":0,"pos":[2033.56995,-421.388,-515.732971],"rotationMatrix":[-0.638049841,0.769973934,0,-0.769973934,-0.638049841,0,0,0,1],"scale":0.0270000007,"type":"road_sign_4"}
{"ctxid":0,"pos":[4274.52979,3020.96997,-383.010986],"rotationMatrix":[0.170012653,0.985497236,0,-0.985497236,0.170012653,0,0,0,1],"scale":0.0270000007,"type":"road_sign_4"}
{"ctxid":0,"pos":[4880.31982,2770.27002,-232.863007],"rotationMatrix":[-0.879084826,0.476507872,0,-0.476507872,-0.879084826,0,0,0,1],"scale":0.0270000007,"type":"road_sign_4"}
{"ctxid":0,"pos":[4657.2998,2983.21997,-248.074005],"rotationMatrix":[0.395879686,0.918271661,0,-0.918271661,0.395879686,0,0,0,1],"scale":0.0270000007,"type":"road_sign_4"}
{"ctxid":0,"pos":[4652.81982,2862.27002,-327.476013],"rotationMatrix":[0.917175531,0.398493707,0,-0.398493707,0.917175531,0,0,0,1],"scale":0.0270000007,"type":"road_sign_4"}
{"ctxid":0,"pos":[4631.20996,2778.42993,-355.834991],"rotationMatrix":[-0.785294175,-0.619032979,0,0.619032979,-0.785294175,0,0,0,1],"scale":0.0270000007,"type":"road_sign_4"}
{"ctxid":0,"pos":[4887.22021,2277.82007,-237.932999],"rotationMatrix":[0.290044785,0.95697391,0,-0.95697391,0.290044785,0,0,0,1],"scale":0.0270000007,"type":"road_sign_4"}
{"ctxid":0,"pos":[4771.27002,2372.22998,-312.237],"rotationMatrix":[-0.996002078,0.0901098028,0,-0.0901098028,-0.996002078,0,0,0,1],"scale":0.0270000007,"type":"road_sign_4"}
{"ctxid":0,"pos":[4797.66992,2148.96997,-305.044006],"rotationMatrix":[0.802179515,0.597109675,0,-0.597109675,0.802179515,0,0,0,1],"scale":0.0270000007,"type":"road_sign_4"}
{"ctxid":0,"pos":[4426.66016,2999.92993,-380.403015],"rotationMatrix":[0.98615551,0.165817603,0,-0.165817603,0.98615551,0,0,0,1],"scale":0.0270000007,"type":"road_sign_4"}
{"ctxid":0,"pos":[4185.1499,2096.61011,-441.19101],"rotationMatrix":[0.509355843,0.860534251,0,-0.860534251,0.509355843,0,0,0,1],"scale":0.0270000007,"type":"road_sign_4"}
{"ctxid":0,"pos":[5237.83984,-3271.94995,-552.849976],"rotationMatrix":[0.144306362,-0.989522457,0,0.989522457,0.144306362,0,0,0,1],"scale":0.0270000007,"type":"road_sign_4"}
{"ctxid":0,"pos":[-1384.23999,-3690.87988,-524.434998],"rotationMatrix":[0.770564616,0.637365699,0,-0.637365699,0.770564616,0,0,0,1],"scale":0.0270000007,"type":"road_sign_4"}
{"ctxid":0,"pos":[-1636.32996,-3663.70996,-526.666016],"rotationMatrix":[0.177981615,0.98408848,0,-0.98408848,0.177981615,0,0,0,1],"scale":0.0270000007,"type":"road_sign_4"}
{"ctxid":0,"pos":[3787.62988,2892.79004,-422.963989],"rotationMatrix":[-0.119008064,0.992895186,0,-0.992895186,-0.119008064,0,0,0,1],"scale":0.0270000007,"type":"road_sign_4"}
{"ctxid":0,"pos":[3656.55005,2863.5,-393.381989],"rotationMatrix":[-0.752191901,0.658756793,0,-0.658756793,-0.752191901,0,0,0,1],"scale":0.0270000007,"type":"road_sign_4"}
{"ctxid":0,"pos":[3693.69995,2676.36011,-419.016998],"rotationMatrix":[-0.987220526,0.159687355,0,-0.159687355,-0.987220526,0,0,0,1],"scale":0.0270000007,"type":"road_sign_4"}
{"ctxid":0,"pos":[3789.63989,2283.53003,-428.346008],"rotationMatrix":[-0.716804624,-0.697098613,0,0.697098613,-0.716804624,0,0,0,1],"scale":0.0270000007,"type":"road_sign_4"}
{"ctxid":0,"pos":[3997.25,2051.84009,-445.786987],"rotationMatrix":[0.557823896,0.829997063,0,-0.829997063,0.557823896,0,0,0,1],"scale":0.0270000007,"type":"road_sign_4"}
{"ctxid":0,"pos":[3277,2891.72998,-421.457001],"rotationMatrix":[0.906687975,0.421804816,0,-0.421804816,0.906687975,0,0,0,1],"scale":0.0270000007,"type":"road_sign_4"}
{"ctxid":0,"pos":[3497.57007,2669.31006,-422.149994],"rotationMatrix":[0.91595,0.401308,0,-0.401308,0.91595,0,0,0,1],"scale":0.0270000007,"type":"road_sign_4"}
{"ctxid":0,"pos":[3166.66992,2080.18994,-530.427002],"rotationMatrix":[0.663800001,0.747922003,0,-0.747922003,0.663800001,0,0,0,1],"scale":0.0270000007,"type":"road_sign_4"}
{"ctxid":0,"pos":[2876.37988,3512.46997,-463.838989],"rotationMatrix":[0.053311944,0.99856329,0,-0.99856329,0.053311944,0,0,0,1],"scale":0.0270000007,"type":"road_sign_4"}
{"ctxid":0,"pos":[2614.87988,2979.93994,-414.946991],"rotationMatrix":[0.653055489,-0.75728029,0,0.75728029,0.653055489,0,0,0,1],"scale":0.0270000007,"type":"road_sign_4"}
{"ctxid":0,"pos":[2540.87012,2889.22998,-435.515991],"rotationMatrix":[-0.900080085,0.435301006,0,-0.435301006,-0.900080085,0,0,0,1],"scale":0.0270000007,"type":"road_sign_4"}
{"ctxid":0,"pos":[2067.08008,2834.26001,-514.586975],"rotationMatrix":[-0.998400331,-0.0589764006,0,0.0589764006,-0.998400331,0,0,0,1],"scale":0.0270000007,"type":"road_sign_4"}
{"ctxid":0,"pos":[5081.62012,1955.64001,-215.395004],"rotationMatrix":[-0.957429051,0.289271325,0,-0.289271325,-0.957429051,0,0,0,1],"scale":0.0270000007,"type":"road_sign_4"}
{"ctxid":0,"pos":[4979.2998,1972.13,-274.434998],"rotationMatrix":[-0.976469517,0.215719685,0,-0.215719685,-0.976469517,0,0,0,1],"scale":0.0270000007,"type":"road_sign_4"}
{"ctxid":0,"pos":[4854.7002,1935.67004,-329.967987],"rotationMatrix":[-0.99520278,-0.0968836024,0,0.0968836024,-0.99520278,0,0,0,1],"scale":0.0270000007,"type":"road_sign_4"}
{"ctxid":0,"pos":[4958.52002,1036.78003,-469.256989],"rotationMatrix":[-0.192585588,-0.981311738,0,0.981311738,-0.192585588,0,0,0,1],"scale":0.0270000007,"type":"road_sign_4"}
{"ctxid":0,"pos":[4610.91016,1307.06006,-426.634003],"rotationMatrix":[0.323715508,0.946216822,0,-0.946216822,0.323715508,0,0,0,1],"scale":0.0270000007,"type":"road_sign_4"}
{"ctxid":0,"pos":[4413.12988,1894.90002,-358.860992],"rotationMatrix":[0.522149146,-0.852858186,0,0.852858186,0.522149146,0,0,0,1],"scale":0.0270000007,"type":"road_sign_4"}
{"ctxid":0,"pos":[4441.72021,1793.62,-314.149994],"rotationMatrix":[0.791083515,-0.611688316,0,0.611688316,0.791083515,0,0,0,1],"scale":0.0270000007,"type":"road_sign_4"}
{"ctxid":0,"pos":[4285.83984,1704.40002,-306.144012],"rotationMatrix":[-0.137635231,0.990566254,0,-0.990566254,-0.137635231,0,0,0,1],"scale":0.0270000007,"type":"road_sign_4"}
{"ctxid":0,"pos":[4354.7002,1582.03003,-258.967987],"rotationMatrix":[0.226232052,0.974051952,0,-0.974051952,0.226232052,0,0,0,1],"scale":0.0270000007,"type":"road_sign_4"}
{"ctxid":0,"pos":[4211.7998,1800.58997,-357.884003],"rotationMatrix":[-0.154592156,0.988043964,0,-0.988043964,-0.154592156,0,0,0,1],"scale":0.0270000007,"type":"road_sign_4"}
{"ctxid":0,"pos":[4071.98999,1893.03003,-399.373993],"rotationMatrix":[0.419820011,0.907648742,0,-0.907648742,0.419820011,0,0,0,1],"scale":0.0270000007,"type":"road_sign_4"}
{"ctxid":0,"pos":[4435.87988,1437.75,-370.901001],"rotationMatrix":[0.0809031129,0.99664855,0,-0.99664855,0.0809031129,0,0,0,1],"scale":0.0270000007,"type":"road_sign_4"}
{"ctxid":0,"pos":[4342.56982,1218.68005,-550.695984],"rotationMatrix":[0.348374724,0.937367737,0,-0.937367737,0.348374724,0,0,0,1],"scale":0.0270000007,"type":"road_sign_4"}
{"ctxid":0,"pos":[4053.68994,1098.19995,-558.10498],"rotationMatrix":[0.890206993,0.455572903,0,-0.455572903,0.890206993,0,0,0,1],"scale":0.0270000007,"type":"road_sign_4"}
{"ctxid":0,"pos":[-2811.87988,-4225.52002,-465.218994],"rotationMatrix":[0.12139231,-0.992609262,0,0.992609262,0.12139231,0,0,0,1],"scale":0.0270000007,"type":"road_sign_4"}
{"ctxid":0,"pos":[-2450.3501,-5302.14014,-507.960999],"rotationMatrix":[-0.395118117,0.918720007,0,-0.918720007,-0.395118117,0,0,0,1],"scale":0.0270000007,"type":"road_sign_4"}
{"ctxid":0,"pos":[-3127.75,-4441.18994,-494.890991],"rotationMatrix":[-0.198151946,-0.980193555,0,0.980193555,-0.198151946,0,0,0,1],"scale":0.0270000007,"type":"road_sign_4"}
{"ctxid":0,"pos":[-3356.22998,-4773.62012,-504.071991],"rotationMatrix":[0.86749047,-0.497451246,0,0.497451246,0.86749047,0,0,0,1],"scale":0.0270000007,"type":"road_sign_4"}
{"ctxid":0,"pos":[-3700.08008,-4045.33008,-495.338989],"rotationMatrix":[-0.987619281,-0.156912059,0,0.156912059,-0.987619281,0,0,0,1],"scale":0.0270000007,"type":"road_sign_4"}
{"ctxid":0,"pos":[-3822.16992,-4338.62988,-478.562012],"rotationMatrix":[0.969840348,0.243733436,0,-0.243733436,0.969840348,0,0,0,1],"scale":0.0270000007,"type":"road_sign_4"}
{"ctxid":0,"pos":[-3629.92993,-4550.16992,-471.354004],"rotationMatrix":[-0.815655589,-0.578730702,0,0.578730702,-0.815655589,0,0,0,1],"scale":0.0270000007,"type":"road_sign_4"}
{"ctxid":0,"pos":[-3207.96997,-5450.35986,-514.916992],"rotationMatrix":[-0.950312495,-0.311260015,0,0.311260015,-0.950312495,0,0,0,1],"scale":0.0270000007,"type":"road_sign_4"}
{"ctxid":0,"pos":[1195.96997,-2006.91003,-534.572021],"rotationMatrix":[0.682076633,-0.731295526,0,0.731295526,0.682076633,0,0,0,1],"scale":0.0270000007,"type":"road_sign_4"}
{"ctxid":0,"pos":[529.455017,-2790.54004,-516.732971],"rotationMatrix":[-0.833229661,0.553185701,0,-0.553185701,-0.833229661,0,0,0,1],"scale":0.0270000007,"type":"road_sign_4"}
{"ctxid":0,"pos":[733.679993,-3559.01001,-499.335999],"rotationMatrix":[-0.034209609,-0.999405146,0,0.999405146,-0.034209609,0,0,0,1],"scale":0.0270000007,"type":"road_sign_4"}
{"ctxid":0,"pos":[488.833008,-3298.37012,-513.195007],"rotationMatrix":[-0.871338606,0.490614563,0,-0.490614563,-0.871338606,0,0,0,1],"scale":0.0270000007,"type":"road_sign_4"}
{"ctxid":0,"pos":[2073.12988,-3115.07007,-519.034973],"rotationMatrix":[-0.424671888,-0.905274391,0,0.905274391,-0.424671888,0,0,0,1],"scale":0.0270000007,"type":"road_sign_4"}
{"ctxid":0,"pos":[5245.87012,-502.528015,-476.77301],"rotationMatrix":[0.994124711,0.108237401,0,-0.108237401,0.994124711,0,0,0,1],"scale":0.0270000007,"type":"road_sign_4"}
{"ctxid":0,"pos":[-388.917999,863.744995,-542.682983],"rotationMatrix":[0.0857775211,-0.996300995,0,0.996300995,0.0857775211,0,0,0,1],"scale":0.0270000007,"type":"road_sign_4"}
{"ctxid":0,"pos":[-488.734985,856.088013,-540.054993],"rotationMatrix":[-0.265958667,0.963948905,0,-0.963948905,-0.265958667,0,0,0,1],"scale":0.0270000007,"type":"road_sign_4"}
{"ctxid":0,"pos":[-323.565002,8.78180027,-547.080017],"rotationMatrix":[0.411387444,0.91140002,0,-0.91140002,0.411387444,0,0,0,1],"scale":0.0270000007,"type":"road_sign_4"}
{"ctxid":0,"pos":[-616.893005,751.142029,-529.892029],"rotationMatrix":[-0.870951653,0.491531014,0,-0.491531014,-0.870951653,0,0,0,1],"scale":0.0270000007,"type":"road_sign_4"}
{"ctxid":0,"pos":[-663.286987,330.89801,-537.620972],"rotationMatrix":[-0.99520278,0.0968836024,0,-0.0968836024,-0.99520278,0,0,0,1],"scale":0.0270000007,"type":"road_sign_4"}
{"ctxid":0,"pos":[-703.744019,14.9680996,-538.663025],"rotationMatrix":[0.125364602,0.992082298,0,-0.992082298,0.125364602,0,0,0,1],"scale":0.0270000007,"type":"road_sign_4"}
{"ctxid":0,"pos":[-990.70697,127.143997,-547.906982],"rotationMatrix":[0.240102053,-0.970706761,0,0.970706761,0.240102053,0,0,0,1],"scale":0.0270000007,"type":"road_sign_4"}
{"ctxid":0,"pos":[-1502.28003,1206.28003,-545.135986],"rotationMatrix":[0.727235019,0.686380982,0,-0.686380982,0.727235019,0,0,0,1],"scale":0.0270000007,"type":"road_sign_4"}
{"ctxid":0,"pos":[-1936.09998,1389.13,-548.270996],"rotationMatrix":[0.614733577,0.788703322,0,-0.788703322,0.614733577,0,0,0,1],"scale":0.0270000007,"type":"road_sign_4"}
{"ctxid":0,"pos":[-1933.23999,1376.96997,-548.499023],"rotationMatrix":[-0.439565063,-0.898285925,0,0.898285925,-0.439565063,0,0,0,1],"scale":0.0270000007,"type":"road_sign_4"}
{"ctxid":0,"pos":[1525.64001,-464.125,-555.145996],"rotationMatrix":[-0.979312181,-0.201487333,0.00748757925,0.201167226,-0.978912354,-0.0311126616,0.0136000598,-0.0289672222,0.999487817],"scale":0.0270000007,"type":"road_sign_4"}
{"ctxid":0,"pos":[1564.80005,-602.625977,-554.88501],"rotationMatrix":[-0.950312495,-0.311852515,0,0.311852515,-0.950312495,0,0,0,1],"scale":0.0270000007,"type":"road_sign_4"}
{"ctxid":0,"pos":[1059.38,-1447.06006,-542.505005],"rotationMatrix":[-0.996801257,-0.0775379241,0,0.0775379241,-0.996801257,0,0,0,1],"scale":0.0270000007,"type":"road_sign_4"}
{"ctxid":0,"pos":[987.237,-738.718018,-550.219971],"rotationMatrix":[0.99778223,-0.0665600449,0,0.0665600449,0.99778223,0,0,0,1],"scale":0.0270000007,"type":"road_sign_4"}
{"ctxid":0,"pos":[1603.79004,1885.70996,-551.604004],"rotationMatrix":[0.760706365,-0.64911592,0,0.64911592,0.760706365,0,0,0,1],"scale":0.0270000007,"type":"road_sign_4"}
{"ctxid":0,"pos":[1450.45996,1723,-561.565002],"rotationMatrix":[-0.812608123,0.582624018,0,-0.582624018,-0.812608123,0,0,0,1],"scale":0.0270000007,"type":"road_sign_4"}
{"ctxid":0,"pos":[1491.18994,1217.30005,-562.591003],"rotationMatrix":[0.954277098,-0.29892239,0,0.29892239,0.954277098,0,0,0,1],"scale":0.0270000007,"type":"road_sign_4"}
{"ctxid":0,"pos":[1608.01001,607.84198,-561.851013],"rotationMatrix":[0.990171969,-0.139849499,0,0.139849499,0.990171969,0,0,0,1],"scale":0.0270000007,"type":"road_sign_4"}
{"ctxid":0,"pos":[986.070007,1857.14001,-562.356995],"rotationMatrix":[0.627960563,-0.77823776,0,0.77823776,0.627960563,0,0,0,1],"scale":0.0270000007,"type":"road_sign_4"}
