{"ctxid":1,"pos":[1986.10999,-6382.4375,-548.513062],"rotationMatrix":[-0.826532125,0.562889397,0,-0.562889397,-0.826532125,0,0,0,0.999999881],"scale":1,"type":"shrub_e"}
{"ctxid":1,"pos":[1983.05029,-6412.00977,-549.518433],"rotationMatrix":[0.583707094,-0.811964214,0,0.811964214,0.583707094,0,0,0,0.999999881],"scale":1,"type":"shrub_e"}
{"ctxid":1,"pos":[1992.25732,-6325.3125,-544.421509],"rotationMatrix":[-0.47242108,-0.881372869,0,0.881372869,-0.47242108,0,0,0,0.999999881],"scale":1,"type":"shrub_e"}
{"ctxid":1,"pos":[1975.74365,-6318.87256,-544.362488],"rotationMatrix":[-0.0730391294,-0.997328997,0,0.997328997,-0.0730391294,0,0,0,0.999999881],"scale":1,"type":"shrub_e"}
{"ctxid":1,"pos":[2071.45581,-6385.79297,-546.146545],"rotationMatrix":[0.543647826,-0.839313269,0,0.839313269,0.543647826,0,0,0,0.999999881],"scale":1,"type":"shrub_e"}
{"ctxid":1,"pos":[2083.51294,-6346.96533,-542.539124],"rotationMatrix":[0.906523168,0.422155946,0,-0.422155946,0.906523168,0,0,0,0.999999881],"scale":1,"type":"shrub_e"}
{"ctxid":1,"pos":[2119.36792,-6291.21777,-535.700745],"rotationMatrix":[-0.0334828123,-0.99943924,0,0.99943924,-0.0334828123,0,0,0,0.999999881],"scale":1,"type":"shrub_e"}
{"ctxid":1,"pos":[2128.36646,-6292.23975,-534.878845],"rotationMatrix":[-0.511263013,-0.859424114,0,0.859424114,-0.511263013,0,0,0,0.999999881],"scale":1,"type":"shrub_e"}
{"ctxid":1,"pos":[2296.31299,-5977.52344,-525.232483],"rotationMatrix":[0.490114838,-0.871657729,0,0.871657729,0.490114838,0,0,0,0.999999881],"scale":1,"type":"shrub_e"}
{"ctxid":1,"pos":[2346.05249,-5897.99023,-520.21759],"rotationMatrix":[-0.796358287,-0.604825139,0,0.604825139,-0.796358287,0,0,0,0.999999881],"scale":1,"type":"shrub_e"}
{"ctxid":1,"pos":[2342.64526,-5910.01025,-520.71698],"rotationMatrix":[-0.101089895,0.99487716,0,-0.99487716,-0.101089895,0,0,0,0.999999881],"scale":1,"type":"shrub_e"}
{"ctxid":1,"pos":[2251.29004,-5978.49463,-526.802063],"rotationMatrix":[0.966409802,0.25700593,0,-0.25700593,0.966409802,0,0,0,0.999999881],"scale":1,"type":"shrub_e"}
{"ctxid":1,"pos":[2222.65015,-5997.3208,-532.476685],"rotationMatrix":[-0.811621249,-0.584183812,0,0.584183812,-0.811621249,0,0,0,0.999999881],"scale":1,"type":"shrub_e"}
{"ctxid":1,"pos":[2371.3877,-5894.78516,-519.562683],"rotationMatrix":[-0.881509781,-0.472165793,0,0.472165793,-0.881509781,0,0,0,0.999999881],"scale":1,"type":"shrub_e"}
{"ctxid":1,"pos":[2379.31616,-5883.64111,-518.406006],"rotationMatrix":[-0.562069952,-0.827089667,0,0.827089667,-0.562069952,0,0,0,0.999999881],"scale":1,"type":"shrub_e"}
{"ctxid":1,"pos":[2350.76465,-5921.8501,-522.206543],"rotationMatrix":[0.167594329,-0.985855877,0,0.985855877,0.167594329,0,0,0,0.999999881],"scale":1,"type":"shrub_e"}
{"ctxid":1,"pos":[2339.19116,-5860.55176,-513.822205],"rotationMatrix":[-0.845141113,-0.534543157,0,0.534543157,-0.845141113,0,0,0,0.999999881],"scale":1,"type":"shrub_e"}
{"ctxid":1,"pos":[2347.52246,-5868.44922,-515.868896],"rotationMatrix":[0.852167666,0.523268759,0,-0.523268759,0.852167666,0,0,0,0.999999881],"scale":1,"type":"shrub_e"}
{"ctxid":1,"pos":[2563.34888,-5975.97998,-556.498474],"rotationMatrix":[0.99838227,-0.0568556972,0,0.0568556972,0.99838227,0,0,0,0.999999881],"scale":1,"type":"shrub_e"}
{"ctxid":1,"pos":[2555.56104,-6001.50049,-557.371277],"rotationMatrix":[0.637704551,0.770281017,0,-0.770281017,0.637704551,0,0,0,0.999999881],"scale":1,"type":"shrub_e"}
{"ctxid":1,"pos":[2507.6001,-5983.53467,-555.325562],"rotationMatrix":[0.719051421,0.694956839,0,-0.694956839,0.719051421,0,0,0,0.999999881],"scale":1,"type":"shrub_e"}
{"ctxid":1,"pos":[2619.9397,-5945.20654,-554.491699],"rotationMatrix":[0.0554288402,-0.998462498,0,0.998462498,0.0554288402,0,0,0,0.999999881],"scale":1,"type":"shrub_e"}
{"ctxid":1,"pos":[2714.66602,-5723.38232,-525.601318],"rotationMatrix":[0.979679108,0.20057109,0,-0.20057109,0.979679108,0,0,0,0.999999881],"scale":1,"type":"shrub_e"}
{"ctxid":1,"pos":[3072.82104,-5709.88086,-548.124084],"rotationMatrix":[-0.195942029,-0.980615377,0,0.980615377,-0.195942029,0,0,0,0.999999881],"scale":1,"type":"shrub_e"}
{"ctxid":1,"pos":[3863.19873,-6167.08545,-553.946411],"rotationMatrix":[0.485524833,0.874222934,0,-0.874222934,0.485524833,0,0,0,0.999999881],"scale":1,"type":"shrub_e"}
{"ctxid":1,"pos":[4137.77979,-6086.69531,-550.752197],"rotationMatrix":[0.477837622,-0.878448069,0,0.878448069,0.477837622,0,0,0,0.999999881],"scale":1,"type":"shrub_e"}
{"ctxid":1,"pos":[4121.86328,-6095.99023,-550.605591],"rotationMatrix":[-0.704304755,0.709897637,0,-0.709897637,-0.704304755,0,0,0,0.999999881],"scale":1,"type":"shrub_e"}
{"ctxid":1,"pos":[3922.16797,-5894.66113,-547.768494],"rotationMatrix":[-0.0340227596,-0.999420941,0,0.999420941,-0.0340227596,0,0,0,0.999999881],"scale":1,"type":"shrub_e"}
{"ctxid":1,"pos":[3901.36011,-5875.53418,-546.424927],"rotationMatrix":[0.42811361,-0.903724909,0,0.903724909,0.42811361,0,0,0,0.999999881],"scale":1,"type":"shrub_e"}
{"ctxid":1,"pos":[3169.83203,-6312.38086,-563.260559],"rotationMatrix":[-0.769382298,-0.638788402,0,0.638788402,-0.769382298,0,0,0,0.999999881],"scale":1,"type":"shrub_e"}
{"ctxid":1,"pos":[3166.19214,-6305.02148,-563.131409],"rotationMatrix":[0.799589574,-0.600546598,0,0.600546598,0.799589574,0,0,0,0.999999881],"scale":1,"type":"shrub_e"}
{"ctxid":1,"pos":[3150.59619,-6322.60791,-562.400085],"rotationMatrix":[0.109612234,0.993974328,0,-0.993974328,0.109612234,0,0,0,0.999999881],"scale":1,"type":"shrub_e"}
{"ctxid":1,"pos":[3129.70337,-6323.73877,-559.186523],"rotationMatrix":[0.905460596,-0.424430043,0,0.424430043,0.905460596,0,0,0,0.999999881],"scale":1,"type":"shrub_e"}
{"ctxid":1,"pos":[3151.58228,-6319.63184,-562.622559],"rotationMatrix":[-0.849955022,0.526854992,0,-0.526854992,-0.849955022,0,0,0,0.999999881],"scale":1,"type":"shrub_e"}
{"ctxid":1,"pos":[3136.74658,-6309.77295,-562.089783],"rotationMatrix":[0.69449681,0.719495773,0,-0.719495773,0.69449681,0,0,0,0.999999881],"scale":1,"type":"shrub_e"}
{"ctxid":1,"pos":[3154.9375,-6292.27246,-554.776489],"rotationMatrix":[0.994651914,0.103283249,0,-0.103283249,0.994651914,0,0,0,0.999999881],"scale":1,"type":"shrub_e"}
{"ctxid":1,"pos":[3134.94629,-6263.56885,-554.396667],"rotationMatrix":[0.428588003,-0.903499901,0,0.903499901,0.428588003,0,0,0,0.999999881],"scale":1,"type":"shrub_e"}
{"ctxid":1,"pos":[3134.16602,-6273.87158,-554.40918],"rotationMatrix":[-0.0172895771,-0.999850452,0,0.999850452,-0.0172895771,0,0,0,0.999999881],"scale":1,"type":"shrub_e"}
{"ctxid":1,"pos":[3211.79443,-6345.58203,-554.431763],"rotationMatrix":[0.415936947,0.909393489,0,-0.909393489,0.415936947,0,0,0,0.999999881],"scale":1,"type":"shrub_e"}
{"ctxid":1,"pos":[3103.48877,-6281.14258,-557.907349],"rotationMatrix":[-0.991651297,0.128947541,0,-0.128947541,-0.991651297,0,0,0,0.999999881],"scale":1,"type":"shrub_e"}
{"ctxid":1,"pos":[3098.79517,-6290.05615,-557.941895],"rotationMatrix":[-0.910067797,-0.414459437,0,0.414459437,-0.910067797,0,0,0,0.999999881],"scale":1,"type":"shrub_e"}
{"ctxid":1,"pos":[3129.51514,-6300.31055,-560.636963],"rotationMatrix":[-0.967002809,0.254765213,0,-0.254765213,-0.967002809,0,0,0,0.999999881],"scale":1,"type":"shrub_e"}
{"ctxid":1,"pos":[3143.24707,-6324.94238,-561.200317],"rotationMatrix":[0.991015673,-0.133745372,0,0.133745372,0.991015673,0,0,0,0.999999881],"scale":1,"type":"shrub_e"}
{"ctxid":1,"pos":[3133.6228,-6364.7207,-551.097778],"rotationMatrix":[0.238699377,-0.971093476,0,0.971093476,0.238699377,0,0,0,0.999999881],"scale":1,"type":"shrub_e"}
{"ctxid":1,"pos":[3113.81006,-6370.50977,-551.115234],"rotationMatrix":[0.00932602026,0.999956369,0,-0.999956369,0.00932602026,0,0,0,0.999999881],"scale":1,"type":"shrub_e"}
{"ctxid":1,"pos":[3105.76245,-6327.12939,-551.356812],"rotationMatrix":[0.401885301,-0.915689945,0,0.915689945,0.401885301,0,0,0,0.999999881],"scale":1,"type":"shrub_e"}
{"ctxid":1,"pos":[3104.3916,-6335.63525,-551.308289],"rotationMatrix":[-0.963272095,-0.268527031,0,0.268527031,-0.963272095,0,0,0,0.999999881],"scale":1,"type":"shrub_e"}
{"ctxid":1,"pos":[3125.58984,-6341.95947,-551.260376],"rotationMatrix":[-0.0723191053,-0.997381449,0,0.997381449,-0.0723191053,0,0,0,0.999999881],"scale":1,"type":"shrub_e"}
{"ctxid":1,"pos":[3136.46948,-6383.22168,-551.062622],"rotationMatrix":[-0.955996573,0.293377757,0,-0.293377757,-0.955996573,0,0,0,0.999999881],"scale":1,"type":"shrub_e"}
{"ctxid":1,"pos":[3125.06396,-6387.22461,-551.062622],"rotationMatrix":[0.954105258,0.299471289,0,-0.299471289,0.954105258,0,0,0,0.999999881],"scale":1,"type":"shrub_e"}
{"ctxid":1,"pos":[3088.67065,-6369.92188,-549.321838],"rotationMatrix":[0.997002304,-0.0773710236,0,0.0773710236,0.997002304,0,0,0,0.999999881],"scale":1,"type":"shrub_e"}
{"ctxid":1,"pos":[3080.271,-6353.28955,-548.525208],"rotationMatrix":[-0.305230021,0.952278554,0,-0.952278554,-0.305230021,0,0,0,0.999999881],"scale":1,"type":"shrub_e"}
{"ctxid":1,"pos":[3048.34912,-6289.49121,-545.861328],"rotationMatrix":[0.241632,0.970367968,0,-0.970367968,0.241632,0,0,0,0.999999881],"scale":1,"type":"shrub_e"}
{"ctxid":1,"pos":[3044.64404,-6288.00488,-544.327454],"rotationMatrix":[0.941093266,0.338146925,0,-0.338146925,0.941093266,0,0,0,0.999999881],"scale":1,"type":"shrub_e"}
{"ctxid":1,"pos":[3030.9353,-6285.04785,-537.943726],"rotationMatrix":[0.915361941,0.402631968,0,-0.402631968,0.915361941,0,0,0,0.999999881],"scale":1,"type":"shrub_e"}
{"ctxid":1,"pos":[3042.61792,-6253.2373,-548.274414],"rotationMatrix":[0.867315471,-0.497758657,0,0.497758657,0.867315471,0,0,0,0.999999881],"scale":1,"type":"shrub_e"}
{"ctxid":1,"pos":[3017.34521,-6259.5415,-539.367249],"rotationMatrix":[0.805137336,-0.59308821,0,0.59308821,0.805137336,0,0,0,0.999999881],"scale":1,"type":"shrub_e"}
{"ctxid":1,"pos":[3084.15771,-6219.79346,-554.694031],"rotationMatrix":[-0.644692779,0.76444149,0,-0.76444149,-0.644692779,0,0,0,0.999999881],"scale":1,"type":"shrub_e"}
{"ctxid":1,"pos":[3090.97852,-6238.76514,-558.94873],"rotationMatrix":[0.774440646,0.632646561,0,-0.632646561,0.774440646,0,0,0,0.999999881],"scale":1,"type":"shrub_e"}
{"ctxid":1,"pos":[3022.33765,-5436.2876,-535.622437],"rotationMatrix":[0.997105062,-0.0760341212,0,0.0760341212,0.997105062,0,0,0,0.999999881],"scale":1,"type":"shrub_e"}
{"ctxid":1,"pos":[3036.08667,-5433.13965,-539.513428],"rotationMatrix":[0.946099102,-0.323877096,0,0.323877096,0.946099102,0,0,0,0.999999881],"scale":1,"type":"shrub_e"}
{"ctxid":1,"pos":[2611.96118,-5505.1001,-510.88266],"rotationMatrix":[0.184586838,0.98281616,0,-0.98281616,0.184586838,0,0,0,0.999999881],"scale":1,"type":"shrub_e"}
{"ctxid":1,"pos":[2665.50317,-5542.79785,-510.860901],"rotationMatrix":[-0.917242825,0.398328245,0,-0.398328245,-0.917242825,0,0,0,0.999999881],"scale":1,"type":"shrub_e"}
{"ctxid":1,"pos":[3015.98755,-5600.9248,-547.943665],"rotationMatrix":[-0.0337191671,0.999431252,0,-0.999431252,-0.0337191671,0,0,0,0.999999881],"scale":1,"type":"shrub_e"}
{"ctxid":1,"pos":[3001.6792,-5604.3584,-546.272827],"rotationMatrix":[0.9983989,0.0565644614,0,-0.0565644614,0.9983989,0,0,0,0.999999881],"scale":1,"type":"shrub_e"}
{"ctxid":1,"pos":[3014.64502,-5641.08838,-542.941772],"rotationMatrix":[0.908596754,-0.417674094,0,0.417674094,0.908596754,0,0,0,0.999999881],"scale":1,"type":"shrub_e"}
{"ctxid":1,"pos":[2971.57373,-5617.63916,-545.241028],"rotationMatrix":[0.996736169,-0.0807267353,0,0.0807267353,0.996736169,0,0,0,0.999999881],"scale":1,"type":"shrub_e"}
{"ctxid":1,"pos":[2991.46313,-5623.06396,-544.296265],"rotationMatrix":[-0.800383329,0.599488437,0,-0.599488437,-0.800383329,0,0,0,0.999999881],"scale":1,"type":"shrub_e"}
{"ctxid":1,"pos":[2994.4043,-5537.43213,-536.510986],"rotationMatrix":[-0.450907946,-0.892570317,0,0.892570317,-0.450907946,0,0,0,0.999999881],"scale":1,"type":"shrub_e"}
{"ctxid":1,"pos":[2996.22119,-5540.89551,-538.485168],"rotationMatrix":[0.627903044,-0.778291404,0,0.778291404,0.627903044,0,0,0,0.999999881],"scale":1,"type":"shrub_e"}
{"ctxid":1,"pos":[2782.90259,-5839.97949,-543.983887],"rotationMatrix":[-0.100289561,0.994958222,0,-0.994958222,-0.100289561,0,0,0,0.999999881],"scale":1,"type":"shrub_e"}
{"ctxid":1,"pos":[2791.90479,-5838.35107,-544.319702],"rotationMatrix":[0.962629616,0.270821184,0,-0.270821184,0.962629616,0,0,0,0.999999881],"scale":1,"type":"shrub_e"}
