{"ctxid":0,"pos":[4913.49512,-6031.76611,-533.955322],"rotationMatrix":[0.616427004,0.787412047,0,-0.787412047,0.616427004,0,0,0,1],"scale":1,"type":"tree_douglasfir_large_d2"}
{"ctxid":0,"pos":[4893.74414,-6021.32715,-536.822632],"rotationMatrix":[0.945853114,0.324594885,0,-0.324594885,0.945853114,0,0,0,1],"scale":1,"type":"tree_douglasfir_large_d2"}
{"ctxid":0,"pos":[4878.74121,-6019.16309,-529.385254],"rotationMatrix":[0.127558872,-0.991831005,0,0.991831005,0.127558872,0,0,0,1],"scale":1,"type":"tree_douglasfir_large_d2"}
{"ctxid":0,"pos":[4821.77539,-5997.86572,-533.050537],"rotationMatrix":[0.999988854,-0.00472535426,0,0.00472535426,0.999988854,0,0,0,1],"scale":1,"type":"tree_douglasfir_large_d2"}
{"ctxid":0,"pos":[4765.88428,-6001.25146,-521.647461],"rotationMatrix":[-0.38517344,0.922844231,0,-0.922844231,-0.38517344,0,0,0,1],"scale":1,"type":"tree_douglasfir_large_d2"}
{"ctxid":0,"pos":[4782.40332,-5991.89697,-535.642944],"rotationMatrix":[0.525836885,-0.850585401,0,0.850585401,0.525836885,0,0,0,1],"scale":1,"type":"tree_douglasfir_large_d2"}
{"ctxid":0,"pos":[4770.24121,-6020.04688,-507.300964],"rotationMatrix":[-0.0991742685,0.9950701,0,-0.9950701,-0.0991742685,0,0,0,1],"scale":1,"type":"tree_douglasfir_large_d2"}
{"ctxid":0,"pos":[4715.646,-6020.28711,-506.018005],"rotationMatrix":[0.958785415,-0.284131229,0,0.284131229,0.958785415,0,0,0,1],"scale":1,"type":"tree_douglasfir_large_d2"}
{"ctxid":0,"pos":[4690.18701,-6034.23389,-502.000214],"rotationMatrix":[0.910315275,-0.413915575,0,0.413915575,0.910315275,0,0,0,1],"scale":1,"type":"tree_douglasfir_large_d2"}
{"ctxid":0,"pos":[4666.9209,-5998.41309,-529.248413],"rotationMatrix":[0.983202696,-0.182517007,0,0.182517007,0.983202696,0,0,0,1],"scale":1,"type":"tree_douglasfir_large_d2"}
{"ctxid":0,"pos":[4685.95068,-6020.59424,-509.793915],"rotationMatrix":[0.974286914,-0.225310847,0,0.225310847,0.974286914,0,0,0,1],"scale":1,"type":"tree_douglasfir_large_d2"}
{"ctxid":0,"pos":[4902.96191,-6132.01074,-486.776093],"rotationMatrix":[0.386740297,-0.922188699,0,0.922188699,0.386740297,0,0,0,1],"scale":1,"type":"tree_douglasfir_large_d2"}
{"ctxid":0,"pos":[4899.20361,-6131.37891,-487.12439],"rotationMatrix":[0.948586464,0.316518098,0,-0.316518098,0.948586464,0,0,0,1],"scale":1,"type":"tree_douglasfir_large_d2"}
{"ctxid":0,"pos":[4976.229,-6155.30615,-479.135315],"rotationMatrix":[0.896499217,0.443045348,0,-0.443045348,0.896499217,0,0,0,1],"scale":1,"type":"tree_douglasfir_large_d2"}
{"ctxid":0,"pos":[4959.90967,-6161.73633,-486.927399],"rotationMatrix":[-0.461888045,-0.886938214,0,0.886938214,-0.461888045,0,0,0,1],"scale":1,"type":"tree_douglasfir_large_d2"}
{"ctxid":0,"pos":[4981.31982,-6168.94385,-489.535583],"rotationMatrix":[-0.577307224,0.816527009,0,-0.816527009,-0.577307224,0,0,0,1],"scale":1,"type":"tree_douglasfir_large_d2"}
{"ctxid":0,"pos":[4993.91992,-6162.39111,-480.785095],"rotationMatrix":[-0.0517904088,0.998658001,0,-0.998658001,-0.0517904088,0,0,0,1],"scale":1,"type":"tree_douglasfir_large_d2"}
{"ctxid":0,"pos":[4927.14795,-5808.00781,-553.334229],"rotationMatrix":[0.743363678,-0.668887496,0,0.668887496,0.743363678,0,0,0,1],"scale":1,"type":"tree_douglasfir_large_d2"}
{"ctxid":0,"pos":[4905.98535,-5816.12842,-552.82843],"rotationMatrix":[-0.422505796,0.906360209,0,-0.906360209,-0.422505796,0,0,0,1],"scale":1,"type":"tree_douglasfir_large_d2"}
{"ctxid":0,"pos":[4941.10742,-5822.57031,-553.492432],"rotationMatrix":[-0.873731434,0.486408681,0,-0.486408681,-0.873731434,0,0,0,1],"scale":1,"type":"tree_douglasfir_large_d2"}
{"ctxid":0,"pos":[4906.34863,-5823.73877,-552.730591],"rotationMatrix":[-0.54010272,-0.841599107,0,0.841599107,-0.54010272,0,0,0,1],"scale":1,"type":"tree_douglasfir_large_d2"}
{"ctxid":0,"pos":[4912.61572,-5839.22266,-552.536011],"rotationMatrix":[0.989502788,-0.144513875,0,0.144513875,0.989502788,0,0,0,1],"scale":1,"type":"tree_douglasfir_large_d2"}
{"ctxid":0,"pos":[4888.29492,-5856.19824,-552.130676],"rotationMatrix":[-0.989167929,0.146788284,0,-0.146788284,-0.989167929,0,0,0,1],"scale":1,"type":"tree_douglasfir_large_d2"}
{"ctxid":0,"pos":[4911.02832,-5830.74414,-552.664062],"rotationMatrix":[-0.962759972,-0.270357668,0,0.270357668,-0.962759972,0,0,0,1],"scale":1,"type":"tree_douglasfir_large_d2"}
{"ctxid":0,"pos":[4909.27881,-5845.9458,-552.393066],"rotationMatrix":[0.630204499,0.776429176,0,-0.776429176,0.630204499,0,0,0,1],"scale":1,"type":"tree_douglasfir_large_d2"}
{"ctxid":0,"pos":[4900.66797,-5839.94873,-552.446533],"rotationMatrix":[0.95783627,-0.287314564,0,0.287314564,0.95783627,0,0,0,1],"scale":1,"type":"tree_douglasfir_large_d2"}
{"ctxid":0,"pos":[4868.65234,-5855.77637,-552.15509],"rotationMatrix":[-0.899099886,0.437743515,0,-0.437743515,-0.899099886,0,0,0,1],"scale":1,"type":"tree_douglasfir_large_d2"}
{"ctxid":0,"pos":[4869.06055,-5877.68164,-551.75415],"rotationMatrix":[0.998544812,0.0539287291,0,-0.0539287291,0.998544812,0,0,0,1],"scale":1,"type":"tree_douglasfir_large_d2"}
{"ctxid":0,"pos":[4910.62109,-5906.20703,-551.333984],"rotationMatrix":[0.877421618,-0.479719996,0,0.479719996,0.877421618,0,0,0,1],"scale":1,"type":"tree_douglasfir_large_d2"}
{"ctxid":0,"pos":[4926.20215,-5920.28223,-551.161499],"rotationMatrix":[0.297662526,0.954671144,0,-0.954671144,0.297662526,0,0,0,1],"scale":1,"type":"tree_douglasfir_large_d2"}
{"ctxid":0,"pos":[4895.51514,-5948.87646,-550.895203],"rotationMatrix":[-0.0836195797,0.99649775,0,-0.99649775,-0.0836195797,0,0,0,1],"scale":1,"type":"tree_douglasfir_large_d2"}
{"ctxid":0,"pos":[4933.17334,-5919.97705,-551.165649],"rotationMatrix":[-0.0717242733,0.997424483,0,-0.997424483,-0.0717242733,0,0,0,1],"scale":1,"type":"tree_douglasfir_large_d2"}
{"ctxid":0,"pos":[4919.60352,-5927.25537,-551.119995],"rotationMatrix":[0.792422056,-0.609973133,0,0.609973133,0.792422056,0,0,0,1],"scale":1,"type":"tree_douglasfir_large_d2"}
{"ctxid":0,"pos":[4939.2793,-5903.67969,-551.403198],"rotationMatrix":[-0.664286792,-0.74747777,0,0.74747777,-0.664286792,0,0,0,1],"scale":1,"type":"tree_douglasfir_large_d2"}
{"ctxid":0,"pos":[4869.41797,-5964.9502,-550.413757],"rotationMatrix":[0.357837826,-0.93378377,0,0.93378377,0.357837826,0,0,0,1],"scale":1,"type":"tree_douglasfir_large_d2"}
{"ctxid":0,"pos":[4852.24219,-5950.35693,-550.562561],"rotationMatrix":[0.992984533,-0.118244156,0,0.118244156,0.992984533,0,0,0,1],"scale":1,"type":"tree_douglasfir_large_d2"}
{"ctxid":0,"pos":[4852.98779,-5953.49951,-550.502563],"rotationMatrix":[0.354492247,0.935058951,0,-0.935058951,0.354492247,0,0,0,1],"scale":1,"type":"tree_douglasfir_large_d2"}
{"ctxid":0,"pos":[4851.82568,-5908.17529,-551.272339],"rotationMatrix":[-0.993706465,-0.112015612,0,0.112015612,-0.993706465,0,0,0,1],"scale":1,"type":"tree_douglasfir_large_d2"}
{"ctxid":0,"pos":[4840.17236,-5894.89893,-551.62262],"rotationMatrix":[-0.480158448,-0.877181768,0,0.877181768,-0.480158448,0,0,0,1],"scale":1,"type":"tree_douglasfir_large_d2"}
{"ctxid":0,"pos":[4867.12354,-5902.2627,-551.317017],"rotationMatrix":[-0.913406134,0.407049477,0,-0.407049477,-0.913406134,0,0,0,1],"scale":1,"type":"tree_douglasfir_large_d2"}
{"ctxid":0,"pos":[4785.37695,-5925.06543,-552.356934],"rotationMatrix":[-0.96198833,-0.273090631,0,0.273090631,-0.96198833,0,0,0,1],"scale":1,"type":"tree_douglasfir_large_d2"}
{"ctxid":0,"pos":[4806.30615,-5918.19482,-551.884766],"rotationMatrix":[0.990612566,0.136699289,0,-0.136699289,0.990612566,0,0,0,1],"scale":1,"type":"tree_douglasfir_large_d2"}
{"ctxid":0,"pos":[4803.8667,-5953.85986,-551.237671],"rotationMatrix":[-0.39516902,-0.918608427,0,0.918608427,-0.39516902,0,0,0,1],"scale":1,"type":"tree_douglasfir_large_d2"}
{"ctxid":0,"pos":[4773.76562,-5980.14258,-548.02771],"rotationMatrix":[-0.998608708,-0.0527319908,0,0.0527319908,-0.998608708,0,0,0,1],"scale":1,"type":"tree_douglasfir_large_d2"}
{"ctxid":0,"pos":[4765.11182,-5990.06055,-532.970093],"rotationMatrix":[-0.919680357,0.39266789,0,-0.39266789,-0.919680357,0,0,0,1],"scale":1,"type":"tree_douglasfir_large_d2"}
{"ctxid":0,"pos":[4787.71729,-5980.07227,-549.245361],"rotationMatrix":[0.585014939,0.81102252,0,-0.81102252,0.585014939,0,0,0,1],"scale":1,"type":"tree_douglasfir_large_d2"}
{"ctxid":0,"pos":[4767.95508,-5981.72266,-545.063293],"rotationMatrix":[-0.472194403,-0.881494462,0,0.881494462,-0.472194403,0,0,0,1],"scale":1,"type":"tree_douglasfir_large_d2"}
{"ctxid":0,"pos":[4776.38232,-5963.48047,-551.888245],"rotationMatrix":[0.999680877,0.0252609234,0,-0.0252609234,0.999680877,0,0,0,1],"scale":1,"type":"tree_douglasfir_large_d2"}
{"ctxid":0,"pos":[4727.9707,-5930.23291,-550.928955],"rotationMatrix":[0.978463233,0.206421316,0,-0.206421316,0.978463233,0,0,0,1],"scale":1,"type":"tree_douglasfir_large_d2"}
{"ctxid":0,"pos":[4732.43018,-5915.47754,-551.063171],"rotationMatrix":[-0.184036449,0.982919395,0,-0.982919395,-0.184036449,0,0,0,1],"scale":1,"type":"tree_douglasfir_large_d2"}
{"ctxid":0,"pos":[4731.04395,-5928.46875,-551.296936],"rotationMatrix":[-0.567689836,-0.823242486,0,0.823242486,-0.567689836,0,0,0,1],"scale":1,"type":"tree_douglasfir_large_d2"}
{"ctxid":0,"pos":[4769.07959,-5921.64844,-552.895752],"rotationMatrix":[0.101419307,0.994843781,0,-0.994843781,0.101419307,0,0,0,1],"scale":1,"type":"tree_douglasfir_large_d2"}
{"ctxid":0,"pos":[4654.67334,-5943.87842,-529.979736],"rotationMatrix":[0.869134486,0.494575799,0,-0.494575799,0.869134486,0,0,0,1],"scale":1,"type":"tree_douglasfir_large_d2"}
{"ctxid":0,"pos":[4651.98145,-5945.34521,-528.87616],"rotationMatrix":[-0.206807479,-0.978381634,0,0.978381634,-0.206807479,0,0,0,1],"scale":1,"type":"tree_douglasfir_large_d2"}
{"ctxid":0,"pos":[4632.37793,-5935.63135,-522.501831],"rotationMatrix":[-0.853484213,0.521118641,0,-0.521118641,-0.853484213,0,0,0,1],"scale":1,"type":"tree_douglasfir_large_d2"}
{"ctxid":0,"pos":[2907.75513,2222.27734,-542.997681],"rotationMatrix":[0.027459519,0.999622941,0,-0.999622941,0.027459519,0,0,0,1],"scale":1,"type":"tree_douglasfir_large_d2"}
{"ctxid":0,"pos":[2920.84155,2215.25952,-542.051147],"rotationMatrix":[-0.321084797,0.947050452,0,-0.947050452,-0.321084797,0,0,0,1],"scale":1,"type":"tree_douglasfir_large_d2"}
{"ctxid":0,"pos":[2916.60645,2229.56641,-545.050293],"rotationMatrix":[0.998997748,-0.0447604656,0,0.0447604656,0.998997748,0,0,0,1],"scale":1,"type":"tree_douglasfir_large_d2"}
{"ctxid":0,"pos":[2901.6582,2213.26587,-540.708374],"rotationMatrix":[-0.447459817,-0.894304037,0,0.894304037,-0.447459817,0,0,0,1],"scale":1,"type":"tree_douglasfir_large_d2"}
{"ctxid":0,"pos":[2910.65601,2229.29175,-544.545105],"rotationMatrix":[0.192266718,0.981342733,0,-0.981342733,0.192266718,0,0,0,1],"scale":1,"type":"tree_douglasfir_large_d2"}
{"ctxid":0,"pos":[3049.5293,2200.65063,-545.651001],"rotationMatrix":[0.795426846,0.606049597,0,-0.606049597,0.795426846,0,0,0,1],"scale":1,"type":"tree_douglasfir_large_d2"}
{"ctxid":0,"pos":[3025.74121,2164.76929,-534.994385],"rotationMatrix":[0.164487958,0.986379087,0,-0.986379087,0.164487958,0,0,0,1],"scale":1,"type":"tree_douglasfir_large_d2"}
{"ctxid":0,"pos":[3016.58862,2161.20825,-533.026001],"rotationMatrix":[-0.702346563,0.711835146,0,-0.711835146,-0.702346563,0,0,0,1],"scale":1,"type":"tree_douglasfir_large_d2"}
{"ctxid":0,"pos":[3031.15552,2168.77466,-536.626831],"rotationMatrix":[0.710542202,-0.703654587,0,0.703654587,0.710542202,0,0,0,1],"scale":1,"type":"tree_douglasfir_large_d2"}
{"ctxid":0,"pos":[3217.71631,2032.09912,-530.829407],"rotationMatrix":[0.950653732,0.310253829,0,-0.310253829,0.950653732,0,0,0,1],"scale":1,"type":"tree_douglasfir_large_d2"}
{"ctxid":0,"pos":[4896.78125,2735.76074,-235.92337],"rotationMatrix":[-0.93205595,-0.362314463,0,0.362314463,-0.93205595,0,0,0,1],"scale":1,"type":"tree_douglasfir_large_d2"}
{"ctxid":0,"pos":[4916.00488,2735.8606,-241.939117],"rotationMatrix":[0.925021887,0.379913777,0,-0.379913777,0.925021887,0,0,0,1],"scale":1,"type":"tree_douglasfir_large_d2"}
{"ctxid":0,"pos":[4773.47607,1844.43384,-298.586853],"rotationMatrix":[0.95623064,-0.292614102,0,0.292614102,0.95623064,0,0,0,1],"scale":1,"type":"tree_douglasfir_large_d2"}
{"ctxid":0,"pos":[1685.65076,2256.67578,-549.017334],"rotationMatrix":[0.998488247,0.0549652651,0,-0.0549652651,0.998488247,0,0,0,1],"scale":1,"type":"tree_douglasfir_large_d2"}
{"ctxid":0,"pos":[1958.02759,2255.43237,-548.622437],"rotationMatrix":[-0.404496372,0.914539576,0,-0.914539576,-0.404496372,0,0,0,1],"scale":1,"type":"tree_douglasfir_large_d2"}
{"ctxid":0,"pos":[1980.09326,2248.93433,-549.64209],"rotationMatrix":[-0.995261967,-0.0972298011,0,0.0972298011,-0.995261967,0,0,0,1],"scale":1,"type":"tree_douglasfir_large_d2"}
{"ctxid":0,"pos":[2117.05713,2287.55664,-551.821899],"rotationMatrix":[0.567956507,-0.823058546,0,0.823058546,0.567956507,0,0,0,1],"scale":1,"type":"tree_douglasfir_large_d2"}
{"ctxid":0,"pos":[2127.71777,2328.03003,-551.992737],"rotationMatrix":[0.599740326,0.800194681,0,-0.800194681,0.599740326,0,0,0,1],"scale":1,"type":"tree_douglasfir_large_d2"}
{"ctxid":0,"pos":[2173.93286,2255.70166,-550.806946],"rotationMatrix":[-0.273279458,0.961934686,0,-0.961934686,-0.273279458,0,0,0,1],"scale":1,"type":"tree_douglasfir_large_d2"}
{"ctxid":0,"pos":[2447.94336,2243.6582,-553.165588],"rotationMatrix":[-0.987400889,0.158238858,0,-0.158238858,-0.987400889,0,0,0,1],"scale":1,"type":"tree_douglasfir_large_d2"}
{"ctxid":0,"pos":[3656.49512,-429.10318,-488.04364],"rotationMatrix":[0.985497713,-0.169688627,0,0.169688627,0.985497713,0,0,0,1],"scale":1,"type":"tree_douglasfir_large_d2"}
{"ctxid":0,"pos":[5327.63379,-1562.32483,-542.114014],"rotationMatrix":[-0.4463256,0.894870639,0,-0.894870639,-0.4463256,0,0,0,1],"scale":1,"type":"tree_douglasfir_large_d2"}
{"ctxid":0,"pos":[5352.00488,-1525.03943,-543.705688],"rotationMatrix":[0.238584369,-0.971121788,0,0.971121788,0.238584369,0,0,0,1],"scale":1,"type":"tree_douglasfir_large_d2"}
{"ctxid":0,"pos":[5360.92822,-1522.12158,-544.014465],"rotationMatrix":[-0.898944497,-0.438062519,0,0.438062519,-0.898944497,0,0,0,1],"scale":1,"type":"tree_douglasfir_large_d2"}
{"ctxid":0,"pos":[5324.63965,-1430.60315,-545.408142],"rotationMatrix":[0.952046514,0.305953324,0,-0.305953324,0.952046514,0,0,0,1],"scale":1,"type":"tree_douglasfir_large_d2"}
{"ctxid":0,"pos":[5334.28906,-1439.80005,-546.032898],"rotationMatrix":[-0.716378748,-0.697711587,0,0.697711587,-0.716378748,0,0,0,1],"scale":1,"type":"tree_douglasfir_large_d2"}
{"ctxid":0,"pos":[5361.93799,-1429.79858,-547.947021],"rotationMatrix":[-0.832719684,-0.553694785,0,0.553694785,-0.832719684,0,0,0,1],"scale":1,"type":"tree_douglasfir_large_d2"}
{"ctxid":0,"pos":[5331.30908,-1485.16528,-544.71228],"rotationMatrix":[0.164201453,-0.98642683,0,0.98642683,0.164201453,0,0,0,1],"scale":1,"type":"tree_douglasfir_large_d2"}
{"ctxid":0,"pos":[5321.72314,-1518.90417,-543.095459],"rotationMatrix":[-0.563646257,-0.826016307,0,0.826016307,-0.563646257,0,0,0,1],"scale":1,"type":"tree_douglasfir_large_d2"}
{"ctxid":0,"pos":[5313.75,-1519.46594,-542.917664],"rotationMatrix":[-0.00150297827,0.999998868,0,-0.999998868,-0.00150297827,0,0,0,1],"scale":1,"type":"tree_douglasfir_large_d2"}
{"ctxid":0,"pos":[5257.21582,-1568.24377,-541.989624],"rotationMatrix":[0.972301424,-0.23373051,0,0.23373051,0.972301424,0,0,0,1],"scale":1,"type":"tree_douglasfir_large_d2"}
{"ctxid":0,"pos":[5273.03125,-1595.15247,-541.828735],"rotationMatrix":[-0.683704972,0.729758501,0,-0.729758501,-0.683704972,0,0,0,1],"scale":1,"type":"tree_douglasfir_large_d2"}
{"ctxid":0,"pos":[5095.89697,-1779.67151,-548.915039],"rotationMatrix":[-0.98485142,0.173400506,0,-0.173400506,-0.98485142,0,0,0,1],"scale":1,"type":"tree_douglasfir_large_d2"}
{"ctxid":0,"pos":[5084.375,-1745.24927,-547.099121],"rotationMatrix":[-0.292104691,0.956386328,0,-0.956386328,-0.292104691,0,0,0,1],"scale":1,"type":"tree_douglasfir_large_d2"}
{"ctxid":0,"pos":[5083.2832,-1741.59509,-545.2677],"rotationMatrix":[0.743843198,0.668354154,0,-0.668354154,0.743843198,0,0,0,1],"scale":1,"type":"tree_douglasfir_large_d2"}
{"ctxid":0,"pos":[5259.24023,-2245.24341,-542.031616],"rotationMatrix":[-0.865091801,-0.501613617,0,0.501613617,-0.865091801,0,0,0,1],"scale":1,"type":"tree_douglasfir_large_d2"}
{"ctxid":0,"pos":[5035.84766,-6614.46338,-539.69751],"rotationMatrix":[-0.99425137,0.107071124,0,-0.107071124,-0.99425137,0,0,0,1],"scale":1,"type":"tree_douglasfir_large_d2"}
{"ctxid":0,"pos":[3855.08472,-5080.18359,-499.652008],"rotationMatrix":[0.871742606,0.489964068,0,-0.489964068,0.871742606,0,0,0,1],"scale":1,"type":"tree_douglasfir_large_d2"}
{"ctxid":0,"pos":[3883.74878,-5189.27148,-498.953461],"rotationMatrix":[0.552274168,0.83366257,0,-0.83366257,0.552274168,0,0,0,1],"scale":1,"type":"tree_douglasfir_large_d2"}
{"ctxid":0,"pos":[3891.06885,-5234.21973,-499.44751],"rotationMatrix":[0.623910666,-0.78149569,0,0.78149569,0.623910666,0,0,0,1],"scale":1,"type":"tree_douglasfir_large_d2"}
{"ctxid":0,"pos":[2279.31055,-5232.92822,-507.464417],"rotationMatrix":[0.757919669,-0.652347922,0,0.652347922,0.757919669,0,0,0,1],"scale":1,"type":"tree_douglasfir_large_d2"}
{"ctxid":0,"pos":[2299.89185,-5174.43359,-509.165466],"rotationMatrix":[0.901090503,0.433631122,0,-0.433631122,0.901090503,0,0,0,1],"scale":1,"type":"tree_douglasfir_large_d2"}
{"ctxid":0,"pos":[2303.44824,-5172.625,-509.261475],"rotationMatrix":[-0.716508508,-0.697578371,0,0.697578371,-0.716508508,0,0,0,1],"scale":1,"type":"tree_douglasfir_large_d2"}
{"ctxid":0,"pos":[2309.26514,-5142.75928,-509.418488],"rotationMatrix":[0.0165099315,-0.999863684,0,0.999863684,0.0165099315,0,0,0,1],"scale":1,"type":"tree_douglasfir_large_d2"}
{"ctxid":0,"pos":[2371.75,-5341.21924,-489.084717],"rotationMatrix":[-0.230106637,0.973165393,0,-0.973165393,-0.230106637,0,0,0,1],"scale":1,"type":"tree_douglasfir_large_d2"}
{"ctxid":0,"pos":[2384.49438,-5342.68652,-488.27832],"rotationMatrix":[-0.168267965,-0.985741317,0,0.985741317,-0.168267965,0,0,0,1],"scale":1,"type":"tree_douglasfir_large_d2"}
{"ctxid":1,"pos":[5378.83252,-5983.42139,-551.731689],"rotationMatrix":[-0.863300681,-0.504689991,0,0.504689991,-0.863300681,0,0,0,0.999999881],"scale":1,"type":"tree_douglasfir_large_d2"}
{"ctxid":1,"pos":[5400.52295,-6015.67822,-552.793884],"rotationMatrix":[0.986568213,0.163349405,0,-0.163349405,0.986568213,0,0,0,0.999999881],"scale":1,"type":"tree_douglasfir_large_d2"}
{"ctxid":1,"pos":[5387.91699,-6054.52051,-554.264038],"rotationMatrix":[0.445228338,-0.895417035,0,0.895417035,0.445228338,0,0,0,0.999999881],"scale":1,"type":"tree_douglasfir_large_d2"}
{"ctxid":1,"pos":[5452.4541,-6052.125,-552.953674],"rotationMatrix":[-0.965643823,-0.25986886,0,0.25986886,-0.965643823,0,0,0,0.999999881],"scale":1,"type":"tree_douglasfir_large_d2"}
{"ctxid":1,"pos":[5456.88525,-6045.06201,-552.869873],"rotationMatrix":[-0.661124825,0.750275671,0,-0.750275671,-0.661124825,0,0,0,0.999999881],"scale":1,"type":"tree_douglasfir_large_d2"}
{"ctxid":1,"pos":[5444.42822,-6135.02637,-552.939148],"rotationMatrix":[-0.997200668,-0.0747706071,0,0.0747706071,-0.997200668,0,0,0,0.999999881],"scale":1,"type":"tree_douglasfir_large_d2"}
{"ctxid":1,"pos":[5439.12891,-6122.27441,-553.151062],"rotationMatrix":[0.998823225,-0.0484975129,0,0.0484975129,0.998823225,0,0,0,0.999999881],"scale":1,"type":"tree_douglasfir_large_d2"}
{"ctxid":1,"pos":[5394.90723,-6128.11426,-554.236328],"rotationMatrix":[-0.971639931,-0.236464977,0,0.236464977,-0.971639931,0,0,0,0.999999881],"scale":1,"type":"tree_douglasfir_large_d2"}
{"ctxid":1,"pos":[5390.04395,-6119.19922,-554.434753],"rotationMatrix":[0.990074039,-0.140546143,0,0.140546143,0.990074039,0,0,0,0.999999881],"scale":1,"type":"tree_douglasfir_large_d2"}
{"ctxid":1,"pos":[5340.16113,-6155.28467,-555.507446],"rotationMatrix":[0.659990191,-0.751274049,0,0.751274049,0.659990191,0,0,0,0.999999881],"scale":1,"type":"tree_douglasfir_large_d2"}
{"ctxid":1,"pos":[5282.83447,-6121.01514,-551.118286],"rotationMatrix":[0.509399116,-0.860530198,0,0.860530198,0.509399116,0,0,0,0.999999881],"scale":1,"type":"tree_douglasfir_large_d2"}
{"ctxid":1,"pos":[5258.07959,-6127.1709,-549.493225],"rotationMatrix":[0.0968923792,0.99529475,0,-0.99529475,0.0968923792,0,0,0,0.999999881],"scale":1,"type":"tree_douglasfir_large_d2"}
{"ctxid":1,"pos":[5219.13037,-6151.71191,-545.438049],"rotationMatrix":[-0.411538243,-0.911392391,0,0.911392391,-0.411538243,0,0,0,0.999999881],"scale":1,"type":"tree_douglasfir_large_d2"}
{"ctxid":1,"pos":[5220.22754,-6143.40186,-546.964905],"rotationMatrix":[0.109850161,0.993948042,0,-0.993948042,0.109850161,0,0,0,0.999999881],"scale":1,"type":"tree_douglasfir_large_d2"}
{"ctxid":1,"pos":[5284.25586,-6156.33643,-556.888428],"rotationMatrix":[-0.232063353,-0.972700596,0,0.972700596,-0.232063353,0,0,0,0.999999881],"scale":1,"type":"tree_douglasfir_large_d2"}
{"ctxid":1,"pos":[5220.01855,-6077.4375,-549.740356],"rotationMatrix":[0.831421554,-0.555642068,0,0.555642068,0.831421554,0,0,0,0.999999881],"scale":1,"type":"tree_douglasfir_large_d2"}
{"ctxid":1,"pos":[5259.59668,-6075.4458,-550.237366],"rotationMatrix":[0.38330698,0.923620999,0,-0.923620999,0.38330698,0,0,0,0.999999881],"scale":1,"type":"tree_douglasfir_large_d2"}
{"ctxid":1,"pos":[5322.41992,-5967.96826,-551.065735],"rotationMatrix":[0.582455456,0.812862635,0,-0.812862635,0.582455456,0,0,0,0.999999881],"scale":1,"type":"tree_douglasfir_large_d2"}
{"ctxid":1,"pos":[5298.26465,-5978.47754,-551.615601],"rotationMatrix":[-0.947013617,-0.321193069,0,0.321193069,-0.947013617,0,0,0,0.999999881],"scale":1,"type":"tree_douglasfir_large_d2"}
{"ctxid":1,"pos":[5316.43506,-6002.60547,-553.111389],"rotationMatrix":[-0.969200373,0.246273324,0,-0.246273324,-0.969200373,0,0,0,0.999999881],"scale":1,"type":"tree_douglasfir_large_d2"}
{"ctxid":1,"pos":[5303.97949,-6004.56348,-553.182007],"rotationMatrix":[-0.894210696,-0.447646111,0,0.447646111,-0.894210696,0,0,0,0.999999881],"scale":1,"type":"tree_douglasfir_large_d2"}
{"ctxid":1,"pos":[5292.72217,-6005.1416,-553.143066],"rotationMatrix":[0.978786647,0.204881832,0,-0.204881832,0.978786647,0,0,0,0.999999881],"scale":1,"type":"tree_douglasfir_large_d2"}
{"ctxid":1,"pos":[5294.67773,-6069.56934,-552.71106],"rotationMatrix":[0.860367358,-0.509674251,0,0.509674251,0.860367358,0,0,0,0.999999881],"scale":1,"type":"tree_douglasfir_large_d2"}
{"ctxid":1,"pos":[5248.16748,-6163.66113,-556.302368],"rotationMatrix":[0.655851066,-0.754890144,0,0.754890144,0.655851066,0,0,0,0.999999881],"scale":1,"type":"tree_douglasfir_large_d2"}
{"ctxid":1,"pos":[5252.12744,-6163.90039,-556.401855],"rotationMatrix":[0.621870756,0.783119857,0,-0.783119857,0.621870756,0,0,0,0.999999881],"scale":1,"type":"tree_douglasfir_large_d2"}
{"ctxid":1,"pos":[5229.67432,-6037.54639,-553.341431],"rotationMatrix":[-0.398001045,0.917384803,0,-0.917384803,-0.398001045,0,0,0,0.999999881],"scale":1,"type":"tree_douglasfir_large_d2"}
{"ctxid":1,"pos":[5212.54932,-6054.16992,-553.275208],"rotationMatrix":[0.44565782,0.895203412,0,-0.895203412,0.44565782,0,0,0,0.999999881],"scale":1,"type":"tree_douglasfir_large_d2"}
{"ctxid":1,"pos":[5197.21094,-6031.53711,-552.728699],"rotationMatrix":[0.892802775,-0.450447589,0,0.450447589,0.892802775,0,0,0,0.999999881],"scale":1,"type":"tree_douglasfir_large_d2"}
{"ctxid":1,"pos":[5147.36084,-6029.90186,-552.819824],"rotationMatrix":[-0.209554628,0.977796853,0,-0.977796853,-0.209554628,0,0,0,0.999999881],"scale":1,"type":"tree_douglasfir_large_d2"}
{"ctxid":1,"pos":[5152.47852,-6060.84717,-553.273254],"rotationMatrix":[0.941666782,0.336546659,0,-0.336546659,0.941666782,0,0,0,0.999999881],"scale":1,"type":"tree_douglasfir_large_d2"}
{"ctxid":1,"pos":[5149.38965,-6068.5166,-553.385742],"rotationMatrix":[0.850169122,0.526509643,0,-0.526509643,0.850169122,0,0,0,0.999999881],"scale":1,"type":"tree_douglasfir_large_d2"}
{"ctxid":1,"pos":[5110.15771,-6046.85938,-553.093384],"rotationMatrix":[-0.924752176,0.380569816,0,-0.380569816,-0.924752176,0,0,0,0.999999881],"scale":1,"type":"tree_douglasfir_large_d2"}
{"ctxid":1,"pos":[5001.36914,-6042.06006,-544.98645],"rotationMatrix":[0.49331817,-0.869848907,0,0.869848907,0.49331817,0,0,0,0.999999881],"scale":1,"type":"tree_douglasfir_large_d2"}
{"ctxid":1,"pos":[4970.82617,-6019.28613,-550.509033],"rotationMatrix":[0.788435638,-0.615117073,0,0.615117073,0.788435638,0,0,0,0.999999881],"scale":1,"type":"tree_douglasfir_large_d2"}
{"ctxid":1,"pos":[4949.73828,-6022.50635,-543.465698],"rotationMatrix":[-0.115508415,0.993306398,0,-0.993306398,-0.115508415,0,0,0,0.999999881],"scale":1,"type":"tree_douglasfir_large_d2"}
{"ctxid":1,"pos":[4982.87061,-6017.27637,-552.3125],"rotationMatrix":[0.860347331,-0.509708047,0,0.509708047,0.860347331,0,0,0,0.999999881],"scale":1,"type":"tree_douglasfir_large_d2"}
{"ctxid":1,"pos":[5060.74023,-6075.42334,-530.023315],"rotationMatrix":[-0.4233253,0.905977607,0,-0.905977607,-0.4233253,0,0,0,0.999999881],"scale":1,"type":"tree_douglasfir_large_d2"}
