{"ctxid":0,"pos":[3697.87012,1851.72998,-543.583008],"rotationMatrix":[-0.501297951,-0.865187049,0,0.865187049,-0.501297951,0,0,0,1],"scale":1,"type":"tree_douglasfir_dead"}
{"ctxid":0,"pos":[3665.19995,1861.60999,-548.049988],"rotationMatrix":[0.211231947,-0.977419198,0,0.977419198,0.211231947,0,0,0,1],"scale":1,"type":"tree_douglasfir_dead"}
{"ctxid":0,"pos":[3695.01001,1858.56995,-543.471985],"rotationMatrix":[0.614382386,-0.788974881,0,0.788974881,0.614382386,0,0,0,1],"scale":1,"type":"tree_douglasfir_dead"}
{"ctxid":0,"pos":[3714.61011,1805.60999,-543.138977],"rotationMatrix":[-0.707552075,-0.706860006,0,0.706860006,-0.707552075,0,0,0,1],"scale":1,"type":"tree_douglasfir_dead"}
{"ctxid":0,"pos":[3382.01001,1904.38,-545.85498],"rotationMatrix":[-0.970112562,-0.243360996,0,0.243360996,-0.970112562,0,0,0,1],"scale":1,"type":"tree_douglasfir_dead"}
{"ctxid":0,"pos":[3380.46997,1895.5,-545.679993],"rotationMatrix":[-0.462734103,-0.886500299,0,0.886500299,-0.462734103,0,0,0,1],"scale":1,"type":"tree_douglasfir_dead"}
{"ctxid":0,"pos":[3469.04004,1976.66003,-553.534973],"rotationMatrix":[0.790695488,-0.612191439,0,0.612191439,0.790695488,0,0,0,1],"scale":1,"type":"tree_douglasfir_dead"}
{"ctxid":0,"pos":[3441.72998,1973.53003,-552.122986],"rotationMatrix":[-0.993605018,-0.113817595,0,0.113817595,-0.993605018,0,0,0,1],"scale":1,"type":"tree_douglasfir_dead"}
{"ctxid":0,"pos":[3475.11011,1979.33997,-553.877014],"rotationMatrix":[0.0689334869,-0.997659028,0,0.997659028,0.0689334869,0,0,0,1],"scale":1,"type":"tree_douglasfir_dead"}
{"ctxid":0,"pos":[3463.21997,1969.20996,-553.25],"rotationMatrix":[0.865527034,0.50086385,0,-0.50086385,0.865527034,0,0,0,1],"scale":1,"type":"tree_douglasfir_dead"}
{"ctxid":0,"pos":[3417.47998,1992.25,-550.89801],"rotationMatrix":[0.882968783,-0.469431132,0,0.469431132,0.882968783,0,0,0,1],"scale":1,"type":"tree_douglasfir_dead"}
{"ctxid":0,"pos":[3447.71997,1968.53003,-552.421997],"rotationMatrix":[-0.282240987,0.959238589,0,-0.959238589,-0.282240987,0,0,0,1],"scale":1,"type":"tree_douglasfir_dead"}
{"ctxid":0,"pos":[3462.01001,1966.78003,-553.192017],"rotationMatrix":[-0.179033637,0.983858883,0,-0.983858883,-0.179033637,0,0,0,1],"scale":1,"type":"tree_douglasfir_dead"}
{"ctxid":0,"pos":[3389.30005,1894.10999,-546.812012],"rotationMatrix":[-0.974879503,0.222588807,0,-0.222588807,-0.974879503,0,0,0,1],"scale":1,"type":"tree_douglasfir_dead"}
{"ctxid":0,"pos":[3384.67993,1911.73999,-546.190979],"rotationMatrix":[-0.248515964,0.96866256,0,-0.96866256,-0.248515964,0,0,0,1],"scale":1,"type":"tree_douglasfir_dead"}
{"ctxid":0,"pos":[3431.37988,1881.06995,-551.330994],"rotationMatrix":[-0.769832969,-0.63835901,0,0.63835901,-0.769832969,0,0,0,1],"scale":1,"type":"tree_douglasfir_dead"}
{"ctxid":0,"pos":[3427.94995,1893,-550.932983],"rotationMatrix":[-0.99520278,0.097482875,0,-0.097482875,-0.99520278,0,0,0,1],"scale":1,"type":"tree_douglasfir_dead"}
{"ctxid":0,"pos":[3414.67993,1912.67004,-549.619019],"rotationMatrix":[-0.907104373,-0.421066791,0,0.421066791,-0.907104373,0,0,0,1],"scale":1,"type":"tree_douglasfir_dead"}
{"ctxid":0,"pos":[3393.63989,1883.47998,-547.408997],"rotationMatrix":[-0.143979311,-0.989542902,0,0.989542902,-0.143979311,0,0,0,1],"scale":1,"type":"tree_douglasfir_dead"}
{"ctxid":0,"pos":[3383.38989,1866.30005,-546.205017],"rotationMatrix":[-0.476105571,-0.879374743,0,0.879374743,-0.476105571,0,0,0,1],"scale":1,"type":"tree_douglasfir_dead"}
{"ctxid":0,"pos":[3380.6001,1873.34998,-545.802979],"rotationMatrix":[0.827598095,-0.56130445,0,0.56130445,0.827598095,0,0,0,1],"scale":1,"type":"tree_douglasfir_dead"}
{"ctxid":0,"pos":[3409.73999,1859.05005,-549.065979],"rotationMatrix":[-0.87327373,0.487384081,0,-0.487384081,-0.87327373,0,0,0,1],"scale":1,"type":"tree_douglasfir_dead"}
{"ctxid":0,"pos":[3422.80005,1868.94995,-550.637024],"rotationMatrix":[0.304743588,-0.952439845,0,0.952439845,0.304743588,0,0,0,1],"scale":1,"type":"tree_douglasfir_dead"}
{"ctxid":0,"pos":[3322.32007,1967.31006,-539.710999],"rotationMatrix":[-0.191968083,-0.981366396,0,0.981366396,-0.191968083,0,0,0,1],"scale":1,"type":"tree_douglasfir_dead"}
{"ctxid":0,"pos":[3324.79004,1969.81006,-540.169983],"rotationMatrix":[-0.637688041,-0.770069897,0,0.770069897,-0.637688041,0,0,0,1],"scale":1,"type":"tree_douglasfir_dead"}
{"ctxid":0,"pos":[3322.55005,1983.92004,-540.929016],"rotationMatrix":[-0.808041334,0.58892554,0,-0.58892554,-0.808041334,0,0,0,1],"scale":1,"type":"tree_douglasfir_dead"}
{"ctxid":0,"pos":[3322.95996,1962.68005,-539.512024],"rotationMatrix":[-0.519721746,0.854440331,0,-0.854440331,-0.519721746,0,0,0,1],"scale":1,"type":"tree_douglasfir_dead"}
{"ctxid":0,"pos":[3320.59009,1942.75,-538.213989],"rotationMatrix":[-0.980846047,0.193864956,0,-0.193864956,-0.980846047,0,0,0,1],"scale":1,"type":"tree_douglasfir_dead"}
{"ctxid":0,"pos":[3329.52002,1945.59998,-539.478027],"rotationMatrix":[0.932361603,-0.361510634,0,0.361510634,0.932361603,0,0,0,1],"scale":1,"type":"tree_douglasfir_dead"}
{"ctxid":0,"pos":[3313.55005,1944.80005,-537.344971],"rotationMatrix":[0.592837095,-0.805301785,0,0.805301785,0.592837095,0,0,0,1],"scale":1,"type":"tree_douglasfir_dead"}
{"ctxid":0,"pos":[3369.44995,1902.04004,-544.171997],"rotationMatrix":[0.854955018,-0.518725693,0,0.518725693,0.854955018,0,0,0,1],"scale":1,"type":"tree_douglasfir_dead"}
{"ctxid":0,"pos":[3363.23999,1932.60999,-543.476013],"rotationMatrix":[0.181055903,0.983398378,0,-0.983398378,0.181055903,0,0,0,1],"scale":1,"type":"tree_douglasfir_dead"}
{"ctxid":0,"pos":[3340.73999,1905.01001,-540.098999],"rotationMatrix":[0.849189699,0.528110743,0,-0.528110743,0.849189699,0,0,0,1],"scale":1,"type":"tree_douglasfir_dead"}
{"ctxid":0,"pos":[3334.6001,1890.30005,-539.044983],"rotationMatrix":[-0.885293603,0.465449482,0,-0.465449482,-0.885293603,0,0,0,1],"scale":1,"type":"tree_douglasfir_dead"}
{"ctxid":0,"pos":[3338.31006,1919.28003,-539.916992],"rotationMatrix":[-0.647838593,-0.761923373,0,0.761923373,-0.647838593,0,0,0,1],"scale":1,"type":"tree_douglasfir_dead"}
{"ctxid":0,"pos":[3350.70996,1889.82996,-541.474976],"rotationMatrix":[-0.942420363,-0.334084481,0,0.334084481,-0.942420363,0,0,0,1],"scale":1,"type":"tree_douglasfir_dead"}
{"ctxid":0,"pos":[3361.38989,1897.16003,-543.060974],"rotationMatrix":[0.926118314,-0.377250165,0,0.377250165,0.926118314,0,0,0,1],"scale":1,"type":"tree_douglasfir_dead"}
{"ctxid":0,"pos":[3344.88989,1887.30005,-540.601013],"rotationMatrix":[0.31133157,0.950263917,0,-0.950263917,0.31133157,0,0,0,1],"scale":1,"type":"tree_douglasfir_dead"}
{"ctxid":0,"pos":[3340.32007,1893.54004,-539.940002],"rotationMatrix":[-0.999599934,0.0203979611,0,-0.0203979611,-0.999599934,0,0,0,1],"scale":1,"type":"tree_douglasfir_dead"}
{"ctxid":0,"pos":[3366.09009,1889.18994,-543.752014],"rotationMatrix":[0.474482477,-0.880236745,0,0.880236745,0.474482477,0,0,0,1],"scale":1,"type":"tree_douglasfir_dead"}
{"ctxid":0,"pos":[3330.1499,1901.42004,-538.479004],"rotationMatrix":[0.271816909,-0.962423027,0,0.962423027,0.271816909,0,0,0,1],"scale":1,"type":"tree_douglasfir_dead"}
{"ctxid":0,"pos":[3334.8501,1919.14001,-539.445984],"rotationMatrix":[0.19355005,0.981074929,0,-0.981074929,0.19355005,0,0,0,1],"scale":1,"type":"tree_douglasfir_dead"}
{"ctxid":0,"pos":[3335.29004,1881.5,-539.091003],"rotationMatrix":[0.276395559,0.961076677,0,-0.961076677,0.276395559,0,0,0,1],"scale":1,"type":"tree_douglasfir_dead"}
{"ctxid":0,"pos":[3351.43994,1902.07996,-541.617981],"rotationMatrix":[0.967792749,0.251744241,0,-0.251744241,0.967792749,0,0,0,1],"scale":1,"type":"tree_douglasfir_dead"}
{"ctxid":0,"pos":[3333.32007,1895.27002,-538.893982],"rotationMatrix":[-0.634070516,-0.773376882,0,0.773376882,-0.634070516,0,0,0,1],"scale":1,"type":"tree_douglasfir_dead"}
{"ctxid":0,"pos":[3338.43994,1898.18005,-539.702026],"rotationMatrix":[-0.934151053,0.35717088,0,-0.35717088,-0.934151053,0,0,0,1],"scale":1,"type":"tree_douglasfir_dead"}
{"ctxid":0,"pos":[3341.07007,1910.91003,-540.19397],"rotationMatrix":[-0.340866804,0.940146148,0,-0.940146148,-0.340866804,0,0,0,1],"scale":1,"type":"tree_douglasfir_dead"}
{"ctxid":0,"pos":[3332.76001,1886.23999,-538.716003],"rotationMatrix":[0.291235805,-0.956647098,0,0.956647098,0.291235805,0,0,0,1],"scale":1,"type":"tree_douglasfir_dead"}
{"ctxid":0,"pos":[3300.28003,1945.07996,-535.383972],"rotationMatrix":[0.959671974,-0.281131595,0,0.281131595,0.959671974,0,0,0,1],"scale":1,"type":"tree_douglasfir_dead"}
{"ctxid":0,"pos":[3300.37012,1964.67004,-536.703979],"rotationMatrix":[0.743672013,-0.668529212,0,0.668529212,0.743672013,0,0,0,1],"scale":1,"type":"tree_douglasfir_dead"}
{"ctxid":0,"pos":[3299.09009,1949.66003,-535.47998],"rotationMatrix":[-0.479888082,-0.877403975,0,0.877403975,-0.479888082,0,0,0,1],"scale":1,"type":"tree_douglasfir_dead"}
{"ctxid":0,"pos":[3274.17993,1988.43994,-534.773987],"rotationMatrix":[0.803435504,0.595399141,0,-0.595399141,0.803435504,0,0,0,1],"scale":1,"type":"tree_douglasfir_dead"}
{"ctxid":0,"pos":[3298.53003,1946.69995,-535.215027],"rotationMatrix":[-0.888013124,0.459955424,0,-0.459955424,-0.888013124,0,0,0,1],"scale":1,"type":"tree_douglasfir_dead"}
{"ctxid":0,"pos":[3297.31006,1933.89001,-534.294006],"rotationMatrix":[-0.0716480017,0.997423172,0,-0.997423172,-0.0716480017,0,0,0,1],"scale":1,"type":"tree_douglasfir_dead"}
{"ctxid":0,"pos":[3301.40991,1926.75,-534.620972],"rotationMatrix":[0.898299515,-0.439364195,0,0.439364195,0.898299515,0,0,0,1],"scale":1,"type":"tree_douglasfir_dead"}
{"ctxid":0,"pos":[3350.1001,1868.18994,-541.315002],"rotationMatrix":[-0.634793639,0.772643864,0,-0.772643864,-0.634793639,0,0,0,1],"scale":1,"type":"tree_douglasfir_dead"}
{"ctxid":0,"pos":[3338.18994,1869.18005,-538.801025],"rotationMatrix":[-0.561144471,-0.827839434,0,0.827839434,-0.561144471,0,0,0,1],"scale":1,"type":"tree_douglasfir_dead"}
{"ctxid":0,"pos":[2044.79004,1020.28003,-562.195984],"rotationMatrix":[-0.75406456,0.656673789,0,-0.656673789,-0.75406456,0,0,0,1],"scale":1,"type":"tree_douglasfir_dead"}
{"ctxid":0,"pos":[2024.41003,1032.37,-562.218018],"rotationMatrix":[0.477553606,-0.878580868,0,0.878580868,0.477553606,0,0,0,1],"scale":1,"type":"tree_douglasfir_dead"}
{"ctxid":0,"pos":[2003.95996,1037.06006,-562.406006],"rotationMatrix":[0.99485904,-0.101268187,0,0.101268187,0.99485904,0,0,0,1],"scale":1,"type":"tree_douglasfir_dead"}
{"ctxid":0,"pos":[2001.90002,1034.31006,-562.419006],"rotationMatrix":[-0.847810864,-0.530005693,0,0.530005693,-0.847810864,0,0,0,1],"scale":1,"type":"tree_douglasfir_dead"}
{"ctxid":0,"pos":[2517.59009,620.010986,-560.669006],"rotationMatrix":[-0.387444735,0.921853662,0,-0.921853662,-0.387444735,0,0,0,1],"scale":1,"type":"tree_douglasfir_dead"}
{"ctxid":0,"pos":[2526.01001,608.289978,-559.906006],"rotationMatrix":[0.389929473,0.920904994,0,-0.920904994,0.389929473,0,0,0,1],"scale":1,"type":"tree_douglasfir_dead"}
{"ctxid":0,"pos":[2500.15991,614.744995,-559.455994],"rotationMatrix":[0.482448578,-0.87598145,0,0.87598145,0.482448578,0,0,0,1],"scale":1,"type":"tree_douglasfir_dead"}
{"ctxid":0,"pos":[2479.44995,627.309998,-559.952026],"rotationMatrix":[0.516462207,-0.8563447,0,0.8563447,0.516462207,0,0,0,1],"scale":1,"type":"tree_douglasfir_dead"}
{"ctxid":0,"pos":[2478.92993,620.94397,-560.236023],"rotationMatrix":[-0.507542491,0.861775339,0,-0.861775339,-0.507542491,0,0,0,1],"scale":1,"type":"tree_douglasfir_dead"}
{"ctxid":0,"pos":[2473.11011,587.059998,-556.559998],"rotationMatrix":[0.0582590699,-0.998283803,0,0.998283803,0.0582590699,0,0,0,1],"scale":1,"type":"tree_douglasfir_dead"}
{"ctxid":0,"pos":[2449.80005,578.15802,-550.786987],"rotationMatrix":[-0.642396808,-0.766282737,0,0.766282737,-0.642396808,0,0,0,1],"scale":1,"type":"tree_douglasfir_dead"}
{"ctxid":0,"pos":[2451.32007,587.278015,-554.320007],"rotationMatrix":[0.0188797116,0.999891043,0,-0.999891043,0.0188797116,0,0,0,1],"scale":1,"type":"tree_douglasfir_dead"}
{"ctxid":0,"pos":[2322.46997,694.567993,-558.97998],"rotationMatrix":[0.516658902,-0.856170595,0,0.856170595,0.516658902,0,0,0,1],"scale":1,"type":"tree_douglasfir_dead"}
{"ctxid":0,"pos":[2331.95996,689.606018,-559.156006],"rotationMatrix":[0.701544642,0.712646246,0,-0.712646246,0.701544642,0,0,0,1],"scale":1,"type":"tree_douglasfir_dead"}
{"ctxid":0,"pos":[2321.98999,688.682007,-558.64502],"rotationMatrix":[0.566991806,0.823674083,0,-0.823674083,0.566991806,0,0,0,1],"scale":1,"type":"tree_douglasfir_dead"}
{"ctxid":0,"pos":[2313.07007,652.18103,-555.815002],"rotationMatrix":[0.976671994,0.214747205,0,-0.214747205,0.976671994,0,0,0,1],"scale":1,"type":"tree_douglasfir_dead"}
{"ctxid":0,"pos":[2343.79004,659.299988,-558.044983],"rotationMatrix":[-0.999599934,0.0211978797,0,-0.0211978797,-0.999599934,0,0,0,1],"scale":1,"type":"tree_douglasfir_dead"}
{"ctxid":0,"pos":[2333.52002,685.560974,-559.036011],"rotationMatrix":[0.547038376,0.837108076,0,-0.837108076,0.547038376,0,0,0,1],"scale":1,"type":"tree_douglasfir_dead"}
{"ctxid":0,"pos":[2324.34009,655.174011,-556.807007],"rotationMatrix":[-0.938480496,0.345756412,0,-0.345756412,-0.938480496,0,0,0,1],"scale":1,"type":"tree_douglasfir_dead"}
{"ctxid":0,"pos":[2315.53003,670.278992,-557.161987],"rotationMatrix":[-0.00479495525,-0.999975026,0,0.999975026,-0.00479495525,0,0,0,1],"scale":1,"type":"tree_douglasfir_dead"}
{"ctxid":0,"pos":[2316.13989,657.156982,-556.387024],"rotationMatrix":[0.959898889,0.280339688,0,-0.280339688,0.959898889,0,0,0,1],"scale":1,"type":"tree_douglasfir_dead"}
{"ctxid":0,"pos":[2340.78003,667.958008,-558.414001],"rotationMatrix":[-0.819087386,0.573364437,0,-0.573364437,-0.819087386,0,0,0,1],"scale":1,"type":"tree_douglasfir_dead"}
{"ctxid":0,"pos":[2323.66992,675.315002,-557.987],"rotationMatrix":[-0.856279135,-0.516382396,0,0.516382396,-0.856279135,0,0,0,1],"scale":1,"type":"tree_douglasfir_dead"}
{"ctxid":0,"pos":[2339.55005,659.86499,-557.916016],"rotationMatrix":[0.998115003,0.0613692999,0,-0.0613692999,0.998115003,0,0,0,1],"scale":1,"type":"tree_douglasfir_dead"}
{"ctxid":0,"pos":[2324.27002,651.19397,-556.533997],"rotationMatrix":[-0.571055532,-0.821068347,0,0.821068347,-0.571055532,0,0,0,1],"scale":1,"type":"tree_douglasfir_dead"}
{"ctxid":0,"pos":[2308.11011,692.840027,-558.013977],"rotationMatrix":[0.99671948,-0.0809352025,0,0.0809352025,0.99671948,0,0,0,1],"scale":1,"type":"tree_douglasfir_dead"}
{"ctxid":0,"pos":[2305.29004,696.653015,-558.046997],"rotationMatrix":[0.5912112,-0.80654645,0,0.80654645,0.5912112,0,0,0,1],"scale":1,"type":"tree_douglasfir_dead"}
{"ctxid":0,"pos":[2254.16992,685.351013,-552.999023],"rotationMatrix":[-0.795512438,0.605831504,0,-0.605831504,-0.795512438,0,0,0,1],"scale":1,"type":"tree_douglasfir_dead"}
{"ctxid":0,"pos":[2305.30005,671.921997,-556.5],"rotationMatrix":[-0.292188883,-0.956361234,0,0.956361234,-0.292188883,0,0,0,1],"scale":1,"type":"tree_douglasfir_dead"}
{"ctxid":0,"pos":[2290.37012,682.156006,-555.927002],"rotationMatrix":[0.460862637,0.887520552,0,-0.887520552,0.460862637,0,0,0,1],"scale":1,"type":"tree_douglasfir_dead"}
{"ctxid":0,"pos":[2290.87988,653.370972,-553.835999],"rotationMatrix":[-1,0.0104,0,-0.0104,-1,0,0,0,1],"scale":1,"type":"tree_douglasfir_dead"}
{"ctxid":0,"pos":[2287.6499,665.124023,-554.400024],"rotationMatrix":[-0.976072073,0.218083605,0,-0.218083605,-0.976072073,0,0,0,1],"scale":1,"type":"tree_douglasfir_dead"}
{"ctxid":0,"pos":[2283.55005,662.823975,-553.794983],"rotationMatrix":[-0.759688139,0.650409222,0,-0.650409222,-0.759688139,0,0,0,1],"scale":1,"type":"tree_douglasfir_dead"}
{"ctxid":0,"pos":[2293.18994,665.510986,-554.976013],"rotationMatrix":[-0.382119417,0.92407316,0,-0.92407316,-0.382119417,0,0,0,1],"scale":1,"type":"tree_douglasfir_dead"}
{"ctxid":0,"pos":[2300.46997,671.093994,-556.046997],"rotationMatrix":[0.320455194,0.947212458,0,-0.947212458,0.320455194,0,0,0,1],"scale":1,"type":"tree_douglasfir_dead"}
{"ctxid":0,"pos":[2298.75,673.129028,-556.033997],"rotationMatrix":[0.500399947,0.865753591,0,-0.865753591,0.500399947,0,0,0,1],"scale":1,"type":"tree_douglasfir_dead"}
{"ctxid":0,"pos":[2296.13989,643.327026,-553.012024],"rotationMatrix":[-0.449082851,0.893589795,0,-0.893589795,-0.449082851,0,0,0,1],"scale":1,"type":"tree_douglasfir_dead"}
{"ctxid":0,"pos":[2301.86011,633.752014,-551.598022],"rotationMatrix":[-0.644209862,0.764892101,0,-0.764892101,-0.644209862,0,0,0,1],"scale":1,"type":"tree_douglasfir_dead"}
{"ctxid":0,"pos":[2284.46997,675.254028,-554.870972],"rotationMatrix":[-0.591328025,-0.806367993,0,0.806367993,-0.591328025,0,0,0,1],"scale":1,"type":"tree_douglasfir_dead"}
{"ctxid":0,"pos":[2160.78003,936.879028,-562.695007],"rotationMatrix":[-0.946364641,0.323177397,0,-0.323177397,-0.946364641,0,0,0,1],"scale":1,"type":"tree_douglasfir_dead"}
{"ctxid":0,"pos":[2165.90991,940.729004,-562.429016],"rotationMatrix":[-0.164643288,0.98638314,0,-0.98638314,-0.164643288,0,0,0,1],"scale":1,"type":"tree_douglasfir_dead"}
{"ctxid":0,"pos":[2172.90991,944.244995,-562.169006],"rotationMatrix":[0.928633571,-0.370999575,0,0.370999575,0.928633571,0,0,0,1],"scale":1,"type":"tree_douglasfir_dead"}
{"ctxid":0,"pos":[2152.84009,939.638,-562.781982],"rotationMatrix":[0.99977529,-0.0211978797,0,0.0211978797,0.99977529,0,0,0,1],"scale":1,"type":"tree_douglasfir_dead"}
{"ctxid":0,"pos":[2148.16992,957.02002,-562.325012],"rotationMatrix":[-0.578509212,0.815728903,0,-0.815728903,-0.578509212,0,0,0,1],"scale":1,"type":"tree_douglasfir_dead"}
{"ctxid":0,"pos":[2177.84009,909.976013,-562.85498],"rotationMatrix":[-0.996002078,0.090709202,0,-0.090709202,-0.996002078,0,0,0,1],"scale":1,"type":"tree_douglasfir_dead"}
{"ctxid":0,"pos":[2162.41992,924.442993,-562.841003],"rotationMatrix":[-0.600618243,-0.799414515,0,0.799414515,-0.600618243,0,0,0,1],"scale":1,"type":"tree_douglasfir_dead"}
{"ctxid":0,"pos":[2156.66992,923.520996,-562.687012],"rotationMatrix":[-0.268505931,-0.963325441,0,0.963325441,-0.268505931,0,0,0,1],"scale":1,"type":"tree_douglasfir_dead"}
{"ctxid":0,"pos":[2196.34009,873.71698,-562.442017],"rotationMatrix":[0.236399174,-0.971585989,0,0.971585989,0.236399174,0,0,0,1],"scale":1,"type":"tree_douglasfir_dead"}
{"ctxid":0,"pos":[2206.28003,867.302002,-562.570984],"rotationMatrix":[0.64298749,0.765908062,0,-0.765908062,0.64298749,0,0,0,1],"scale":1,"type":"tree_douglasfir_dead"}
{"ctxid":0,"pos":[2203.07007,871.789978,-562.648987],"rotationMatrix":[0.997004628,0.0773458183,0,-0.0773458183,0.997004628,0,0,0,1],"scale":1,"type":"tree_douglasfir_dead"}
{"ctxid":0,"pos":[2207.8999,859.093994,-562.310974],"rotationMatrix":[0.660841525,0.750546694,0,-0.750546694,0.660841525,0,0,0,1],"scale":1,"type":"tree_douglasfir_dead"}
{"ctxid":0,"pos":[2197.12012,845.79303,-557.734009],"rotationMatrix":[0.981298208,-0.19249101,0,0.19249101,0.981298208,0,0,0,1],"scale":1,"type":"tree_douglasfir_dead"}
{"ctxid":0,"pos":[2213.90991,832.322998,-560.143005],"rotationMatrix":[-0.477480412,-0.878752828,0,0.878752828,-0.477480412,0,0,0,1],"scale":1,"type":"tree_douglasfir_dead"}
{"ctxid":0,"pos":[2215.96997,839.752014,-560.192017],"rotationMatrix":[0.860185266,0.509974718,0,-0.509974718,0.860185266,0,0,0,1],"scale":1,"type":"tree_douglasfir_dead"}
{"ctxid":0,"pos":[2113.61011,993.403992,-562.018982],"rotationMatrix":[0.730328321,0.683065414,0,-0.683065414,0.730328321,0,0,0,1],"scale":1,"type":"tree_douglasfir_dead"}
{"ctxid":0,"pos":[2245.07007,723.598022,-555.869995],"rotationMatrix":[-0.698324561,-0.715636909,0,0.715636909,-0.698324561,0,0,0,1],"scale":1,"type":"tree_douglasfir_dead"}
{"ctxid":0,"pos":[2235.5,720.45697,-555.213989],"rotationMatrix":[-0.131910682,-0.991230547,0,0.991230547,-0.131910682,0,0,0,1],"scale":1,"type":"tree_douglasfir_dead"}
{"ctxid":0,"pos":[2249.08008,701.007996,-554.099976],"rotationMatrix":[-0.446020246,0.89502579,0,-0.89502579,-0.446020246,0,0,0,1],"scale":1,"type":"tree_douglasfir_dead"}
{"ctxid":0,"pos":[2242.97998,694.619995,-553.112976],"rotationMatrix":[-0.252627969,-0.967565656,0,0.967565656,-0.252627969,0,0,0,1],"scale":1,"type":"tree_douglasfir_dead"}
{"ctxid":0,"pos":[2232.88989,691.106018,-552.135986],"rotationMatrix":[0.897032797,-0.441955835,0,0.441955835,0.897032797,0,0,0,1],"scale":1,"type":"tree_douglasfir_dead"}
{"ctxid":0,"pos":[2236.11011,705.088013,-553.747986],"rotationMatrix":[0.346546829,0.937995672,0,-0.937995672,0.346546829,0,0,0,1],"scale":1,"type":"tree_douglasfir_dead"}
{"ctxid":0,"pos":[2225.15991,700.841003,-552.77002],"rotationMatrix":[-0.226491213,0.974019825,0,-0.974019825,-0.226491213,0,0,0,1],"scale":1,"type":"tree_douglasfir_dead"}
{"ctxid":0,"pos":[2222.05005,696.333008,-552.11499],"rotationMatrix":[0.00848633051,-0.999962807,0,0.999962807,0.00848633051,0,0,0,1],"scale":1,"type":"tree_douglasfir_dead"}
{"ctxid":0,"pos":[2234.16992,710.494995,-554.177979],"rotationMatrix":[0.47345674,0.880787492,0,-0.880787492,0.47345674,0,0,0,1],"scale":1,"type":"tree_douglasfir_dead"}
{"ctxid":0,"pos":[2208.45996,720.125,-554.14801],"rotationMatrix":[-0.962180376,0.272783697,0,-0.272783697,-0.962180376,0,0,0,1],"scale":1,"type":"tree_douglasfir_dead"}
{"ctxid":0,"pos":[2200.44995,699.591003,-551.495972],"rotationMatrix":[-0.932184935,0.361510634,0,-0.361510634,-0.932184935,0,0,0,1],"scale":1,"type":"tree_douglasfir_dead"}
{"ctxid":0,"pos":[2198.51001,690.997009,-550.325012],"rotationMatrix":[-0.29251039,-0.956319451,0,0.956319451,-0.29251039,0,0,0,1],"scale":1,"type":"tree_douglasfir_dead"}
{"ctxid":0,"pos":[2207.23999,702.200012,-552.10498],"rotationMatrix":[0.254090965,0.967104554,0,-0.967104554,0.254090965,0,0,0,1],"scale":1,"type":"tree_douglasfir_dead"}
{"ctxid":0,"pos":[2218,692.224976,-551.434998],"rotationMatrix":[0.999167681,-0.0407918431,0,0.0407918431,0.999167681,0,0,0,1],"scale":1,"type":"tree_douglasfir_dead"}
{"ctxid":0,"pos":[2224.25,663.435974,-548.557983],"rotationMatrix":[0.730034471,0.683437467,0,-0.683437467,0.730034471,0,0,0,1],"scale":1,"type":"tree_douglasfir_dead"}
{"ctxid":0,"pos":[2209.08008,684.164001,-549.97699],"rotationMatrix":[-0.518675923,0.855017662,0,-0.855017662,-0.518675923,0,0,0,1],"scale":1,"type":"tree_douglasfir_dead"}
{"ctxid":0,"pos":[2248.09009,678.078979,-551.835999],"rotationMatrix":[0.505186498,-0.862989008,0,0.862989008,0.505186498,0,0,0,1],"scale":1,"type":"tree_douglasfir_dead"}
{"ctxid":0,"pos":[2228.70996,667.338989,-549.297974],"rotationMatrix":[-0.801202059,0.598249614,0,-0.598249614,-0.801202059,0,0,0,1],"scale":1,"type":"tree_douglasfir_dead"}
{"ctxid":0,"pos":[2249.48999,675.283997,-551.664001],"rotationMatrix":[-0.851272941,0.524536908,0,-0.524536908,-0.851272941,0,0,0,1],"scale":1,"type":"tree_douglasfir_dead"}
{"ctxid":0,"pos":[2243.06006,671.249023,-550.76001],"rotationMatrix":[0.85083282,-0.525444388,0,0.525444388,0.85083282,0,0,0,1],"scale":1,"type":"tree_douglasfir_dead"}
{"ctxid":0,"pos":[2241.68994,680.79303,-551.64502],"rotationMatrix":[0.447279096,0.894425929,0,-0.894425929,0.447279096,0,0,0,1],"scale":1,"type":"tree_douglasfir_dead"}
{"ctxid":0,"pos":[2232.62988,667.58197,-549.603027],"rotationMatrix":[-0.547040343,0.837108076,0,-0.837108076,-0.547040343,0,0,0,1],"scale":1,"type":"tree_douglasfir_dead"}
{"ctxid":0,"pos":[2215.54004,679.632996,-549.79303],"rotationMatrix":[0.168723822,-0.98561734,0,0.98561734,0.168723822,0,0,0,1],"scale":1,"type":"tree_douglasfir_dead"}
{"ctxid":0,"pos":[2202.40991,686.90802,-549.968018],"rotationMatrix":[0.0129875541,0.999938488,0,-0.999938488,0.0129875541,0,0,0,1],"scale":1,"type":"tree_douglasfir_dead"}
{"ctxid":0,"pos":[2208.8999,676.5,-549.005005],"rotationMatrix":[-0.575312495,0.81791997,0,-0.81791997,-0.575312495,0,0,0,1],"scale":1,"type":"tree_douglasfir_dead"}
{"ctxid":0,"pos":[5855.49023,3089.66992,548.461975],"rotationMatrix":[0.360050023,-0.928130209,0.0942000002,0.897900045,0.372170508,0.234949484,-0.253130198,4.76837158e-07,0.967430532],"scale":1,"type":"tree_douglasfir_dead"}
{"ctxid":0,"pos":[5978.52979,2955.05005,545.164978],"rotationMatrix":[0.514243186,0.79861176,-0.312801749,-0.682305336,0.601895332,0.41501826,0.51969707,-2.46316195e-05,0.854363203],"scale":1,"type":"tree_douglasfir_dead"}
{"ctxid":0,"pos":[5889.31006,2953.87012,535.945984],"rotationMatrix":[-0.984353542,0.0549403578,-0.167544439,-0.170399562,-0.0522032976,0.984002471,0.0453163572,0.997135162,0.060726285],"scale":1,"type":"tree_douglasfir_dead"}
{"ctxid":0,"pos":[3096.61011,2518.44995,-555.096985],"rotationMatrix":[-0.768704295,0.63966006,0,-0.63966006,-0.768704295,0,0,0,1],"scale":1,"type":"tree_douglasfir_dead"}
{"ctxid":0,"pos":[3150.72998,2519.33008,-552.596008],"rotationMatrix":[-0.74919796,-0.662495673,0,0.662495673,-0.74919796,0,0,0,1],"scale":1,"type":"tree_douglasfir_dead"}
{"ctxid":0,"pos":[3089.94995,2549.78003,-554.327026],"rotationMatrix":[0.277357519,0.960798264,0,-0.960798264,0.277357519,0,0,0,1],"scale":1,"type":"tree_douglasfir_dead"}
{"ctxid":0,"pos":[3065.82007,2581.8999,-553.38501],"rotationMatrix":[-1,-0.0127999997,0,0.0127999997,-1,0,0,0,1],"scale":1,"type":"tree_douglasfir_dead"}
{"ctxid":0,"pos":[3049.84009,2519.20996,-556.096985],"rotationMatrix":[0.935989559,0.352039427,0,-0.352039427,0.935989559,0,0,0,1],"scale":1,"type":"tree_douglasfir_dead"}
{"ctxid":0,"pos":[3076.23999,2500.45996,-556.088013],"rotationMatrix":[-0.973687053,0.22868067,0,-0.22868067,-0.973687053,0,0,0,1],"scale":1,"type":"tree_douglasfir_dead"}
{"ctxid":0,"pos":[3056.17993,2593.03003,-552.799988],"rotationMatrix":[-0.402142644,0.915671289,0,-0.915671289,-0.402142644,0,0,0,1],"scale":1,"type":"tree_douglasfir_dead"}
{"ctxid":0,"pos":[3059.77002,2570.78003,-554.210999],"rotationMatrix":[0.454823256,-0.890598178,0,0.890598178,0.454823256,0,0,0,1],"scale":1,"type":"tree_douglasfir_dead"}
{"ctxid":0,"pos":[3041.87988,2559.04004,-555.015015],"rotationMatrix":[0.960631847,0.277822077,0,-0.277822077,0.960631847,0,0,0,1],"scale":1,"type":"tree_douglasfir_dead"}
{"ctxid":0,"pos":[3153.78003,2508.22998,-552.846985],"rotationMatrix":[0.457743049,-0.889147282,0,0.889147282,0.457743049,0,0,0,1],"scale":1,"type":"tree_douglasfir_dead"}
{"ctxid":0,"pos":[3109.62012,2511.13989,-554.755981],"rotationMatrix":[-0.637326121,-0.770527661,0,0.770527661,-0.637326121,0,0,0,1],"scale":1,"type":"tree_douglasfir_dead"}
{"ctxid":0,"pos":[3090.1499,2586.52002,-549.301025],"rotationMatrix":[-0.896962523,0.441955835,0,-0.441955835,-0.896962523,0,0,0,1],"scale":1,"type":"tree_douglasfir_dead"}
{"ctxid":0,"pos":[3044.23999,2503.95996,-556.27002],"rotationMatrix":[-0.804619908,-0.593877435,0,0.593877435,-0.804619908,0,0,0,1],"scale":1,"type":"tree_douglasfir_dead"}
{"ctxid":0,"pos":[3081.55005,2587.34009,-551.447998],"rotationMatrix":[0.59048754,-0.807078958,0,0.807078958,0.59048754,0,0,0,1],"scale":1,"type":"tree_douglasfir_dead"}
{"ctxid":0,"pos":[3106.3501,2510.48999,-554.900024],"rotationMatrix":[0.174901366,-0.984517455,0,0.984517455,0.174901366,0,0,0,1],"scale":1,"type":"tree_douglasfir_dead"}
{"ctxid":0,"pos":[3034.33008,2502.1001,-556.114014],"rotationMatrix":[0.978946507,-0.20411244,0,0.20411244,0.978946507,0,0,0,1],"scale":1,"type":"tree_douglasfir_dead"}
{"ctxid":0,"pos":[3001.3501,2537.17993,-555.228027],"rotationMatrix":[0.878869593,0.477040231,0,-0.477040231,0.878869593,0,0,0,1],"scale":1,"type":"tree_douglasfir_dead"}
{"ctxid":0,"pos":[3070.43994,2527.79004,-555.65802],"rotationMatrix":[0.84230268,-0.539023697,0,0.539023697,0.84230268,0,0,0,1],"scale":1,"type":"tree_douglasfir_dead"}
{"ctxid":0,"pos":[3013.97998,2546.69995,-555.244019],"rotationMatrix":[0.642649412,0.766185999,0,-0.766185999,0.642649412,0,0,0,1],"scale":1,"type":"tree_douglasfir_dead"}
{"ctxid":0,"pos":[3105.90991,2573.16992,-549.932983],"rotationMatrix":[-0.71939981,-0.69465822,0,0.69465822,-0.71939981,0,0,0,1],"scale":1,"type":"tree_douglasfir_dead"}
{"ctxid":0,"pos":[3126.71997,2557.02002,-549.713013],"rotationMatrix":[0.951825917,-0.306644171,0,0.306644171,0.951825917,0,0,0,1],"scale":1,"type":"tree_douglasfir_dead"}
{"ctxid":0,"pos":[3051.40991,2510.81006,-556.232971],"rotationMatrix":[-0.521465778,0.853186071,0,-0.853186071,-0.521465778,0,0,0,1],"scale":1,"type":"tree_douglasfir_dead"}
{"ctxid":0,"pos":[3002.16992,2564.65991,-554.711975],"rotationMatrix":[0.960407019,0.278614134,0,-0.278614134,0.960407019,0,0,0,1],"scale":1,"type":"tree_douglasfir_dead"}
{"ctxid":0,"pos":[3022.90991,2521.6001,-555.718018],"rotationMatrix":[0.921036601,-0.389491737,0,0.389491737,0.921036601,0,0,0,1],"scale":1,"type":"tree_douglasfir_dead"}
{"ctxid":0,"pos":[3063.93994,2535.91992,-555.560974],"rotationMatrix":[-0.829784513,-0.558213353,0,0.558213353,-0.829784513,0,0,0,1],"scale":1,"type":"tree_douglasfir_dead"}
{"ctxid":0,"pos":[3015.84009,2536.75,-555.413025],"rotationMatrix":[0.275673449,-0.961315334,0,0.961315334,0.275673449,0,0,0,1],"scale":1,"type":"tree_douglasfir_dead"}
{"ctxid":0,"pos":[3091.59009,2554.92993,-554.052002],"rotationMatrix":[-0.239997506,0.970864236,0,-0.970864236,-0.239997506,0,0,0,1],"scale":1,"type":"tree_douglasfir_dead"}
{"ctxid":0,"pos":[3019.19995,2551.5,-555.18103],"rotationMatrix":[-0.994004488,-0.108037695,0,0.108037695,-0.994004488,0,0,0,1],"scale":1,"type":"tree_douglasfir_dead"}
{"ctxid":0,"pos":[3100.22998,2562.37988,-553.166992],"rotationMatrix":[0.988018453,-0.154335588,0,0.154335588,0.988018453,0,0,0,1],"scale":1,"type":"tree_douglasfir_dead"}
{"ctxid":0,"pos":[3049.16992,2597.94995,-552.35199],"rotationMatrix":[0.785880327,-0.618407965,0,0.618407965,0.785880327,0,0,0,1],"scale":1,"type":"tree_douglasfir_dead"}
{"ctxid":0,"pos":[3108.51001,2527.31006,-554.375977],"rotationMatrix":[-0.976469517,-0.215123236,0,0.215123236,-0.976469517,0,0,0,1],"scale":1,"type":"tree_douglasfir_dead"}
{"ctxid":0,"pos":[3080.76001,2563.61011,-554.018982],"rotationMatrix":[0.947057426,-0.321072161,0,0.321072161,0.947057426,0,0,0,1],"scale":1,"type":"tree_douglasfir_dead"}
{"ctxid":0,"pos":[3009.36011,2514.07007,-555.447021],"rotationMatrix":[0.985515952,-0.169587284,0,0.169587284,0.985515952,0,0,0,1],"scale":1,"type":"tree_douglasfir_dead"}
{"ctxid":0,"pos":[3076.76001,2581.84009,-553.046021],"rotationMatrix":[0.864695966,-0.50230515,0,0.50230515,0.864695966,0,0,0,1],"scale":1,"type":"tree_douglasfir_dead"}
{"ctxid":0,"pos":[3049.58008,2554.53003,-555.130005],"rotationMatrix":[-0.288654566,0.957460582,0,-0.957460582,-0.288654566,0,0,0,1],"scale":1,"type":"tree_douglasfir_dead"}
{"ctxid":0,"pos":[3103.97998,2540.97998,-554.132996],"rotationMatrix":[-0.979651928,-0.201367751,0,0.201367751,-0.979651928,0,0,0,1],"scale":1,"type":"tree_douglasfir_dead"}
{"ctxid":0,"pos":[3021.87012,2505.75,-555.784973],"rotationMatrix":[0.471196771,-0.88205862,0,0.88205862,0.471196771,0,0,0,1],"scale":1,"type":"tree_douglasfir_dead"}
{"ctxid":0,"pos":[3008.67993,2534.23999,-555.348999],"rotationMatrix":[-0.365212917,0.930962145,0,-0.930962145,-0.365212917,0,0,0,1],"scale":1,"type":"tree_douglasfir_dead"}
{"ctxid":0,"pos":[3137.77002,2525.21997,-553.22998],"rotationMatrix":[-0.0385288,0.999184012,0,-0.999184012,-0.0385288,0,0,0,1],"scale":1,"type":"tree_douglasfir_dead"}
{"ctxid":0,"pos":[3039.43994,2551.59009,-555.275024],"rotationMatrix":[0.836636722,0.547764301,0,-0.547764301,0.836636722,0,0,0,1],"scale":1,"type":"tree_douglasfir_dead"}
{"ctxid":0,"pos":[3127.06006,2501.77002,-554.262024],"rotationMatrix":[0.734425306,-0.678658605,0,0.678658605,0.734425306,0,0,0,1],"scale":1,"type":"tree_douglasfir_dead"}
{"ctxid":0,"pos":[3260.6499,2333.04004,-555.174011],"rotationMatrix":[0.933168292,-0.35945791,0,0.35945791,0.933168292,0,0,0,1],"scale":1,"type":"tree_douglasfir_dead"}
{"ctxid":0,"pos":[3258.38989,2423.87012,-550.401978],"rotationMatrix":[0.482245088,0.876051903,0,-0.876051903,0.482245088,0,0,0,1],"scale":1,"type":"tree_douglasfir_dead"}
{"ctxid":0,"pos":[3259.20996,2337.57007,-555.052002],"rotationMatrix":[0.899916649,0.436080784,0,-0.436080784,0.899916649,0,0,0,1],"scale":1,"type":"tree_douglasfir_dead"}
{"ctxid":0,"pos":[3261.83008,2330.12988,-555.234985],"rotationMatrix":[-0.13522315,-0.990721107,0,0.990721107,-0.13522315,0,0,0,1],"scale":1,"type":"tree_douglasfir_dead"}
{"ctxid":0,"pos":[3286.54004,2366.31006,-552.932983],"rotationMatrix":[-0.352354646,-0.935941935,0,0.935941935,-0.352354646,0,0,0,1],"scale":1,"type":"tree_douglasfir_dead"}
{"ctxid":0,"pos":[3266.83008,2358.3999,-554.231995],"rotationMatrix":[0.746812701,-0.665061355,0,0.665061355,0.746812701,0,0,0,1],"scale":1,"type":"tree_douglasfir_dead"}
{"ctxid":0,"pos":[3263.1001,2410.97998,-551.195984],"rotationMatrix":[-0.541416883,-0.840852618,0,0.840852618,-0.541416883,0,0,0,1],"scale":1,"type":"tree_douglasfir_dead"}
{"ctxid":0,"pos":[3250.31006,2440.43994,-549.286987],"rotationMatrix":[-0.792860508,0.60954988,0,-0.60954988,-0.792860508,0,0,0,1],"scale":1,"type":"tree_douglasfir_dead"}
{"ctxid":0,"pos":[3357.46997,2275.53003,-552.357971],"rotationMatrix":[0.750075459,0.661327839,0,-0.661327839,0.750075459,0,0,0,1],"scale":1,"type":"tree_douglasfir_dead"}
{"ctxid":0,"pos":[3373.58008,2275.30005,-550.624023],"rotationMatrix":[0.258237958,-0.96611768,0,0.96611768,0.258237958,0,0,0,1],"scale":1,"type":"tree_douglasfir_dead"}
{"ctxid":0,"pos":[3286.67993,2321.46997,-555.017029],"rotationMatrix":[-0.932971239,0.359814584,0,-0.359814584,-0.932971239,0,0,0,1],"scale":1,"type":"tree_douglasfir_dead"}
{"ctxid":0,"pos":[3302.90991,2311.22998,-554.578003],"rotationMatrix":[-0.74882412,-0.662611842,0,0.662611842,-0.74882412,0,0,0,1],"scale":1,"type":"tree_douglasfir_dead"}
{"ctxid":0,"pos":[3320.62012,2348.03003,-550.953003],"rotationMatrix":[-0.0547327995,0.998524964,0,-0.998524964,-0.0547327995,0,0,0,1],"scale":1,"type":"tree_douglasfir_dead"}
{"ctxid":0,"pos":[3401.76001,2174.96997,-554.289978],"rotationMatrix":[0.530907035,-0.847428083,0,0.847428083,0.530907035,0,0,0,1],"scale":1,"type":"tree_douglasfir_dead"}
{"ctxid":0,"pos":[3391.86011,2135.62012,-554.685974],"rotationMatrix":[0.164334118,0.986406386,0,-0.986406386,0.164334118,0,0,0,1],"scale":1,"type":"tree_douglasfir_dead"}
{"ctxid":0,"pos":[3418.51001,2131.65991,-554.58197],"rotationMatrix":[0.868825555,-0.495092511,0,0.495092511,0.868825555,0,0,0,1],"scale":1,"type":"tree_douglasfir_dead"}
{"ctxid":0,"pos":[3383.51001,2139.15991,-554.68103],"rotationMatrix":[0.283834875,-0.958876133,0,0.958876133,0.283834875,0,0,0,1],"scale":1,"type":"tree_douglasfir_dead"}
{"ctxid":0,"pos":[3392.11011,2131.8501,-554.653015],"rotationMatrix":[-0.303789496,0.952731967,0,-0.952731967,-0.303789496,0,0,0,1],"scale":1,"type":"tree_douglasfir_dead"}
{"ctxid":0,"pos":[3394.31006,2189.94995,-554.088013],"rotationMatrix":[0.984229147,-0.176889598,0,0.176889598,0.984229147,0,0,0,1],"scale":1,"type":"tree_douglasfir_dead"}
{"ctxid":0,"pos":[3386.53003,2246.32007,-551.85498],"rotationMatrix":[0.72054708,0.693399012,0,-0.693399012,0.72054708,0,0,0,1],"scale":1,"type":"tree_douglasfir_dead"}
{"ctxid":0,"pos":[3385.86011,2162.79004,-554.705994],"rotationMatrix":[0.961413562,-0.275105327,0,0.275105327,0.961413562,0,0,0,1],"scale":1,"type":"tree_douglasfir_dead"}
{"ctxid":0,"pos":[3449.76001,2007.59998,-553.153015],"rotationMatrix":[-0.0937204361,-0.995662808,0,0.995662808,-0.0937204361,0,0,0,1],"scale":1,"type":"tree_douglasfir_dead"}
{"ctxid":0,"pos":[3429.95996,2028.72998,-552.856018],"rotationMatrix":[0.658696771,0.752420366,0,-0.752420366,0.658696771,0,0,0,1],"scale":1,"type":"tree_douglasfir_dead"}
{"ctxid":0,"pos":[3422.56006,2064.59009,-553.749023],"rotationMatrix":[0.515675187,0.856746137,0,-0.856746137,0.515675187,0,0,0,1],"scale":1,"type":"tree_douglasfir_dead"}
{"ctxid":0,"pos":[3431.52002,2040.92004,-553.312988],"rotationMatrix":[-0.430417061,0.902700186,0,-0.902700186,-0.430417061,0,0,0,1],"scale":1,"type":"tree_douglasfir_dead"}
{"ctxid":0,"pos":[3432.66992,2072.57007,-554.205017],"rotationMatrix":[-0.648201704,-0.761281073,0,0.761281073,-0.648201704,0,0,0,1],"scale":1,"type":"tree_douglasfir_dead"}
{"ctxid":0,"pos":[3427.22998,2064.73999,-553.882019],"rotationMatrix":[0.977443099,0.21118933,0,-0.21118933,0.977443099,0,0,0,1],"scale":1,"type":"tree_douglasfir_dead"}
{"ctxid":0,"pos":[3450.25,2063.86011,-554.562012],"rotationMatrix":[-0.0857485533,-0.996300995,0,0.996300995,-0.0857485533,0,0,0,1],"scale":1,"type":"tree_douglasfir_dead"}
{"ctxid":0,"pos":[3443.8999,2049.38989,-553.987976],"rotationMatrix":[0.836179137,0.548473656,0,-0.548473656,0.836179137,0,0,0,1],"scale":1,"type":"tree_douglasfir_dead"}
{"ctxid":0,"pos":[3431.42993,2060.96997,-553.893982],"rotationMatrix":[-1,-0.0186000001,0,0.0186000001,-1,0,0,0,1],"scale":1,"type":"tree_douglasfir_dead"}
{"ctxid":0,"pos":[3451.87012,2104.72998,-553.994019],"rotationMatrix":[0.0225183368,-0.999713004,0,0.999713004,0.0225183368,0,0,0,1],"scale":1,"type":"tree_douglasfir_dead"}
{"ctxid":0,"pos":[3406.07007,2068.22998,-553.380981],"rotationMatrix":[0.986552,-0.163442403,0,0.163442403,0.986552,0,0,0,1],"scale":1,"type":"tree_douglasfir_dead"}
{"ctxid":0,"pos":[3402.40991,2112.91992,-554.484985],"rotationMatrix":[0.984193563,-0.177088797,0,0.177088797,0.984193563,0,0,0,1],"scale":1,"type":"tree_douglasfir_dead"}
{"ctxid":0,"pos":[3446.11011,2091.08008,-554.78302],"rotationMatrix":[-0.134018064,-0.990948021,0,0.990948021,-0.134018064,0,0,0,1],"scale":1,"type":"tree_douglasfir_dead"}
{"ctxid":0,"pos":[3416.71997,2121.65991,-554.606995],"rotationMatrix":[0.871171117,0.491001487,0,-0.491001487,0.871171117,0,0,0,1],"scale":1,"type":"tree_douglasfir_dead"}
{"ctxid":0,"pos":[3428.46997,2124.87012,-554.619019],"rotationMatrix":[0.680639684,-0.732626617,0,0.732626617,0.680639684,0,0,0,1],"scale":1,"type":"tree_douglasfir_dead"}
{"ctxid":0,"pos":[3386.43994,2118.75,-554.414001],"rotationMatrix":[-0.947548509,0.319525838,0,-0.319525838,-0.947548509,0,0,0,1],"scale":1,"type":"tree_douglasfir_dead"}
{"ctxid":0,"pos":[3425.30005,2082.6001,-554.263977],"rotationMatrix":[-0.123500466,-0.992337942,0,0.992337942,-0.123500466,0,0,0,1],"scale":1,"type":"tree_douglasfir_dead"}
{"ctxid":0,"pos":[3421.88989,2085.87012,-554.281982],"rotationMatrix":[0.946404636,-0.322980106,0,0.322980106,0.946404636,0,0,0,1],"scale":1,"type":"tree_douglasfir_dead"}
{"ctxid":0,"pos":[3404.88989,2120.88989,-554.59198],"rotationMatrix":[-0.0258848667,-0.999671936,0,0.999671936,-0.0258848667,0,0,0,1],"scale":1,"type":"tree_douglasfir_dead"}
{"ctxid":0,"pos":[3407.30005,2058.52002,-553.021973],"rotationMatrix":[-0.90788579,0.419004291,0,-0.419004291,-0.90788579,0,0,0,1],"scale":1,"type":"tree_douglasfir_dead"}
{"ctxid":0,"pos":[3379.82007,2113.29004,-554.195007],"rotationMatrix":[0.318822145,-0.94788307,0,0.94788307,0.318822145,0,0,0,1],"scale":1,"type":"tree_douglasfir_dead"}
{"ctxid":0,"pos":[3393.08008,2083.65991,-553.585022],"rotationMatrix":[-0.237793803,-0.971259773,0,0.971259773,-0.237793803,0,0,0,1],"scale":1,"type":"tree_douglasfir_dead"}
{"ctxid":0,"pos":[3418.28003,2049.77002,-553.094971],"rotationMatrix":[-0.289296865,-0.957217336,0,0.957217336,-0.289296865,0,0,0,1],"scale":1,"type":"tree_douglasfir_dead"}
{"ctxid":0,"pos":[3412.95996,2124.25,-554.625],"rotationMatrix":[0.710135043,-0.704066575,0,0.704066575,0.710135043,0,0,0,1],"scale":1,"type":"tree_douglasfir_dead"}
{"ctxid":0,"pos":[3379.65991,2098.86011,-553.781982],"rotationMatrix":[0.990588069,0.136870727,0,-0.136870727,0.990588069,0,0,0,1],"scale":1,"type":"tree_douglasfir_dead"}
{"ctxid":0,"pos":[3250.28003,2244.55005,-556.007019],"rotationMatrix":[0.396978438,-0.917765677,0,0.917765677,0.396978438,0,0,0,1],"scale":1,"type":"tree_douglasfir_dead"}
{"ctxid":0,"pos":[3333.28003,2246.1499,-554.776001],"rotationMatrix":[-0.561851382,0.827143192,0,-0.827143192,-0.561851382,0,0,0,1],"scale":1,"type":"tree_douglasfir_dead"}
{"ctxid":0,"pos":[3366.67993,2243.13989,-553.257019],"rotationMatrix":[0.816139519,-0.57783854,0,0.57783854,0.816139519,0,0,0,1],"scale":1,"type":"tree_douglasfir_dead"}
{"ctxid":0,"pos":[3311.8999,2147.63989,-553.539978],"rotationMatrix":[0.932435155,-0.361350775,0,0.361350775,0.932435155,0,0,0,1],"scale":1,"type":"tree_douglasfir_dead"}
