{"ctxid":0,"pos":[-3885.70996,-2609.19995,-508.65799],"rotationMatrix":[-0.543524504,0.839318871,0,-0.839318871,-0.543524504,0,0,0,1],"scale":0.986699998,"type":"tree_aspen_small_b"}
{"ctxid":0,"pos":[3028.34009,-242.251999,-558.22998],"rotationMatrix":[-0.0570579767,0.998316467,0,-0.998316467,-0.0570579767,0,0,0,1],"scale":1.31169999,"type":"tree_aspen_small_b"}
{"ctxid":0,"pos":[3064,-279.776001,-557.166016],"rotationMatrix":[-0.296372056,0.955009639,0,-0.955009639,-0.296372056,0,0,0,1],"scale":1.19270003,"type":"tree_aspen_small_b"}
{"ctxid":0,"pos":[3068.66992,-370.167999,-556.442017],"rotationMatrix":[0.778355181,-0.6278494,0,0.6278494,0.778355181,0,0,0,1],"scale":1.1293,"type":"tree_aspen_small_b"}
{"ctxid":0,"pos":[3085.56006,-354.166992,-555.585999],"rotationMatrix":[-0.942814708,0.332935661,0,-0.332935661,-0.942814708,0,0,0,1],"scale":1.01950002,"type":"tree_aspen_small_b"}
{"ctxid":0,"pos":[3052.03003,-269.097992,-557.036987],"rotationMatrix":[-1,0.0172000006,0,-0.0172000006,-1,0,0,0,1],"scale":1.16589999,"type":"tree_aspen_small_b"}
{"ctxid":0,"pos":[3012.69995,-255.328003,-558.877991],"rotationMatrix":[0.958872855,-0.283845961,0,0.283845961,0.958872855,0,0,0,1],"scale":0.944800019,"type":"tree_aspen_small_b"}
{"ctxid":0,"pos":[3019.78003,-432.843994,-558.241028],"rotationMatrix":[0.970863044,-0.239637777,0,0.239637777,0.970863044,0,0,0,1],"scale":1.20490003,"type":"tree_aspen_small_b"}
{"ctxid":0,"pos":[2914.31006,-244.082001,-558.171997],"rotationMatrix":[0.627097487,-0.778967202,0,0.778967202,0.627097487,0,0,0,1],"scale":1.19869995,"type":"tree_aspen_small_b"}
{"ctxid":0,"pos":[2911.1001,-242.860001,-558.567993],"rotationMatrix":[0.749934077,-0.661514878,0,0.661514878,0.749934077,0,0,0,1],"scale":1.33529997,"type":"tree_aspen_small_b"}
{"ctxid":0,"pos":[2982.29004,-257.04599,-559.000977],"rotationMatrix":[0.236152053,-0.971743166,0,0.971743166,0.236152053,0,0,0,1],"scale":1.21000004,"type":"tree_aspen_small_b"}
{"ctxid":0,"pos":[2935.41992,-251.270996,-559.932983],"rotationMatrix":[-0.760438442,0.64942205,0,-0.64942205,-0.760438442,0,0,0,1],"scale":1.35189998,"type":"tree_aspen_small_b"}
{"ctxid":0,"pos":[2892.90991,-289.257996,-558.935974],"rotationMatrix":[-0.971303701,-0.238073438,0,0.238073438,-0.971303701,0,0,0,1],"scale":1.16460001,"type":"tree_aspen_small_b"}
{"ctxid":0,"pos":[2875.8501,-321.51001,-558.768005],"rotationMatrix":[0.999985397,-0.00540000014,0,0.00540000014,0.999985397,0,0,0,1],"scale":1.18519998,"type":"tree_aspen_small_b"}
{"ctxid":0,"pos":[2891.58008,-336.502014,-558.841003],"rotationMatrix":[-0.440583348,0.897754908,0,-0.897754908,-0.440583348,0,0,0,1],"scale":0.940299988,"type":"tree_aspen_small_b"}
{"ctxid":0,"pos":[2890.33008,-367.167999,-558.065979],"rotationMatrix":[-0.620720148,0.784254253,0,-0.784254253,-0.620720148,0,0,0,1],"scale":0.943300009,"type":"tree_aspen_small_b"}
{"ctxid":0,"pos":[2949.52002,-456.786987,-557.434998],"rotationMatrix":[0.989689529,-0.143226638,0,0.143226638,0.989689529,0,0,0,1],"scale":1.38510001,"type":"tree_aspen_small_b"}
{"ctxid":0,"pos":[2944.91992,-457.471985,-557.596008],"rotationMatrix":[-0.232764006,0.972581923,0,-0.972581923,-0.232764006,0,0,0,1],"scale":1.11090004,"type":"tree_aspen_small_b"}
{"ctxid":0,"pos":[2990.48999,-447.839996,-558.5],"rotationMatrix":[-0.820613623,0.571696758,0,-0.571696758,-0.820613623,0,0,0,1],"scale":1.18060005,"type":"tree_aspen_small_b"}
{"ctxid":0,"pos":[2998.96997,-447.993011,-558.809021],"rotationMatrix":[0.899916649,-0.436080784,0,0.436080784,0.899916649,0,0,0,1],"scale":1.17349994,"type":"tree_aspen_small_b"}
{"ctxid":0,"pos":[2913.84009,-380.951996,-559.909973],"rotationMatrix":[0.23169601,-0.972838044,0,0.972838044,0.23169601,0,0,0,1],"scale":1.12259996,"type":"tree_aspen_small_b"}
{"ctxid":0,"pos":[2890.54004,-379.417999,-558.820984],"rotationMatrix":[0.996319175,-0.0857227817,0,0.0857227817,0.996319175,0,0,0,1],"scale":1.21650004,"type":"tree_aspen_small_b"}
{"ctxid":0,"pos":[-2095.71997,1388.26001,-550.883972],"rotationMatrix":[0.854523838,0.519388258,0,-0.519388258,0.854523838,0,0,0,1],"scale":1.1243,"type":"tree_aspen_small_b"}
{"ctxid":0,"pos":[-2103.30005,1386.75,-550.721985],"rotationMatrix":[-0.443300486,-0.896392405,0,0.896392405,-0.443300486,0,0,0,1],"scale":1.37360001,"type":"tree_aspen_small_b"}
{"ctxid":0,"pos":[-2036.26001,1416.01001,-550.607971],"rotationMatrix":[0.567363977,0.823505998,0,-0.823505998,0.567363977,0,0,0,1],"scale":1.18729997,"type":"tree_aspen_small_b"}
{"ctxid":0,"pos":[-2030.10999,893.052002,-548.598022],"rotationMatrix":[0.78299129,0.62203896,0,-0.62203896,0.78299129,0,0,0,1],"scale":1.31910002,"type":"tree_aspen_small_b"}
{"ctxid":0,"pos":[-2040.60999,891.794006,-549.258972],"rotationMatrix":[0.878771126,-0.477234066,0,0.477234066,0.878771126,0,0,0,1],"scale":1.12619996,"type":"tree_aspen_small_b"}
{"ctxid":0,"pos":[-2049.73999,896.79303,-549.294006],"rotationMatrix":[0.935343921,0.353738517,0,-0.353738517,0.935343921,0,0,0,1],"scale":0.948499978,"type":"tree_aspen_small_b"}
{"ctxid":0,"pos":[-2052.12012,894.69397,-549.539001],"rotationMatrix":[-0.898521066,0.438824713,0,-0.438824713,-0.898521066,0,0,0,1],"scale":1.11399996,"type":"tree_aspen_small_b"}
{"ctxid":0,"pos":[-2018.32996,692.54303,-547.94397],"rotationMatrix":[0.223243535,0.974684834,0,-0.974684834,0.223243535,0,0,0,1],"scale":1.0115,"type":"tree_aspen_small_b"}
{"ctxid":0,"pos":[-2006.35999,682.075012,-547.367981],"rotationMatrix":[-0.369512439,0.929116964,0,-0.929116964,-0.369512439,0,0,0,1],"scale":1.12170005,"type":"tree_aspen_small_b"}
{"ctxid":0,"pos":[-898.848999,932.224976,-544.567017],"rotationMatrix":[0.365611553,-0.93074435,0,0.93074435,0.365611553,0,0,0,1],"scale":0.998099983,"type":"tree_aspen_small_b"}
{"ctxid":0,"pos":[-902.633972,934.989014,-544.346008],"rotationMatrix":[-0.856279135,-0.516189694,0,0.516189694,-0.856279135,0,0,0,1],"scale":1.32749999,"type":"tree_aspen_small_b"}
{"ctxid":0,"pos":[-1684.14001,1378.87,-562.958008],"rotationMatrix":[-0.91570735,-0.401658475,0,0.401658475,-0.91570735,0,0,0,1],"scale":1.18729997,"type":"tree_aspen_small_b"}
{"ctxid":0,"pos":[-1663.79004,1433.43005,-563.468018],"rotationMatrix":[0.971487284,0.237080649,0,-0.237080649,0.971487284,0,0,0,1],"scale":1.398,"type":"tree_aspen_small_b"}
{"ctxid":0,"pos":[-1656.85999,1457.32996,-563.075989],"rotationMatrix":[-0.86979115,-0.493699104,0,0.493699104,-0.86979115,0,0,0,1],"scale":1.37709999,"type":"tree_aspen_small_b"}
{"ctxid":0,"pos":[-1718.33997,1321.85999,-561.721008],"rotationMatrix":[-0.998400331,-0.0579767972,0,0.0579767972,-0.998400331,0,0,0,1],"scale":1.32190001,"type":"tree_aspen_small_b"}
{"ctxid":0,"pos":[-1622.29004,1139.51001,-553.882996],"rotationMatrix":[-0.858206511,-0.513180375,0,0.513180375,-0.858206511,0,0,0,1],"scale":1.15550005,"type":"tree_aspen_small_b"}
{"ctxid":0,"pos":[-1613.67004,1149.72998,-552.012024],"rotationMatrix":[0.794046402,-0.607848763,0,0.607848763,0.794046402,0,0,0,1],"scale":0.979600012,"type":"tree_aspen_small_b"}
{"ctxid":0,"pos":[-1604.62,1129.26001,-553.380981],"rotationMatrix":[0.39411962,0.919057965,0,-0.919057965,0.39411962,0,0,0,1],"scale":0.969900012,"type":"tree_aspen_small_b"}
{"ctxid":0,"pos":[-1611.21997,1135.10999,-553.690979],"rotationMatrix":[-0.560437799,0.828182101,0,-0.828182101,-0.560437799,0,0,0,1],"scale":1.21469998,"type":"tree_aspen_small_b"}
{"ctxid":0,"pos":[-1561.68005,1027.31006,-542.150024],"rotationMatrix":[-0.44636023,-0.894790828,0,0.894790828,-0.44636023,0,0,0,1],"scale":1.01230001,"type":"tree_aspen_small_b"}
{"ctxid":0,"pos":[-1542.43994,1021.41998,-537.65802],"rotationMatrix":[-0.895793796,0.444156319,0,-0.444156319,-0.895793796,0,0,0,1],"scale":1.1437,"type":"tree_aspen_small_b"}
{"ctxid":0,"pos":[-1600.82996,1115.17004,-553.161011],"rotationMatrix":[0.0852366686,0.996325135,0,-0.996325135,0.0852366686,0,0,0,1],"scale":0.908100009,"type":"tree_aspen_small_b"}
{"ctxid":0,"pos":[-1601.43005,1036.27002,-547.564026],"rotationMatrix":[0.704780698,0.709386885,0,-0.709386885,0.704780698,0,0,0,1],"scale":1.15409994,"type":"tree_aspen_small_b"}
{"ctxid":0,"pos":[-1686.92004,1188.57996,-553.500977],"rotationMatrix":[0.259942293,-0.965615332,0,0.965615332,0.259942293,0,0,0,1],"scale":1.23140001,"type":"tree_aspen_small_b"}
{"ctxid":0,"pos":[-1645.59998,1162.31006,-553.322021],"rotationMatrix":[-0.564326763,-0.825498939,0,0.825498939,-0.564326763,0,0,0,1],"scale":1.10899997,"type":"tree_aspen_small_b"}
{"ctxid":0,"pos":[-1670.65002,1184.40002,-553.492981],"rotationMatrix":[0.788229704,0.61539644,0,-0.61539644,0.788229704,0,0,0,1],"scale":1.26240003,"type":"tree_aspen_small_b"}
{"ctxid":0,"pos":[-1703.10999,1234.06006,-549.48999],"rotationMatrix":[-0.878697395,-0.477234066,0,0.477234066,-0.878697395,0,0,0,1],"scale":1.19319999,"type":"tree_aspen_small_b"}
{"ctxid":0,"pos":[-1701.77002,1218.48999,-550.502014],"rotationMatrix":[0.241580665,-0.970377624,0,0.970377624,0.241580665,0,0,0,1],"scale":1.22490001,"type":"tree_aspen_small_b"}
{"ctxid":0,"pos":[-1703.23999,1197.23999,-553.182007],"rotationMatrix":[0.889549971,0.456840008,0,-0.456840008,0.889549971,0,0,0,1],"scale":1.04219997,"type":"tree_aspen_small_b"}
{"ctxid":0,"pos":[-1805.26001,1255.09998,-551.333008],"rotationMatrix":[-0.225864768,0.974084139,0,-0.974084139,-0.225864768,0,0,0,1],"scale":1.30320001,"type":"tree_aspen_small_b"}
{"ctxid":0,"pos":[-1843.08997,1356.89001,-553.447021],"rotationMatrix":[0.180800021,-0.983551979,0,0.983551979,0.180800021,0,0,0,1],"scale":1.12310004,"type":"tree_aspen_small_b"}
{"ctxid":0,"pos":[-1767.43005,1319.31006,-558.622009],"rotationMatrix":[0.720397592,-0.693584502,0,0.693584502,0.720397592,0,0,0,1],"scale":1.39760005,"type":"tree_aspen_small_b"}
{"ctxid":0,"pos":[-1779.29004,1341.92004,-557.017029],"rotationMatrix":[0.841740608,0.539870977,0,-0.539870977,0.841740608,0,0,0,1],"scale":1.08580005,"type":"tree_aspen_small_b"}
{"ctxid":0,"pos":[-1936.93005,1393.66003,-550.213013],"rotationMatrix":[0.851487517,-0.524398983,0,0.524398983,0.851487517,0,0,0,1],"scale":1.05369997,"type":"tree_aspen_small_b"}
{"ctxid":0,"pos":[-1975.77002,1396.30005,-549.283997],"rotationMatrix":[-0.137635231,-0.990566254,0,0.990566254,-0.137635231,0,0,0,1],"scale":1.39269996,"type":"tree_aspen_small_b"}
{"ctxid":0,"pos":[-1949.69995,1399.40002,-549.117004],"rotationMatrix":[0.833535492,0.552477539,0,-0.552477539,0.833535492,0,0,0,1],"scale":1.11329997,"type":"tree_aspen_small_b"}
{"ctxid":0,"pos":[-1774.88,1245.35999,-550.301025],"rotationMatrix":[0.498599052,-0.866811812,0,0.866811812,0.498599052,0,0,0,1],"scale":1.24629998,"type":"tree_aspen_small_b"}
{"ctxid":0,"pos":[-1754.81995,1247.55005,-550.28302],"rotationMatrix":[0.9301368,-0.367221117,0,0.367221117,0.9301368,0,0,0,1],"scale":0.970600009,"type":"tree_aspen_small_b"}
{"ctxid":0,"pos":[-1829.31006,1221.08997,-550.63501],"rotationMatrix":[-0.782649755,0.622350752,0,-0.622350752,-0.782649755,0,0,0,1],"scale":1.38080001,"type":"tree_aspen_small_b"}
{"ctxid":0,"pos":[-1833.08997,1214.33997,-551.367981],"rotationMatrix":[0.232439518,-0.972615004,0,0.972615004,0.232439518,0,0,0,1],"scale":0.908299983,"type":"tree_aspen_small_b"}
{"ctxid":0,"pos":[-1817.06995,1212.10999,-551.718018],"rotationMatrix":[-0.958616376,-0.285202712,0,0.285202712,-0.958616376,0,0,0,1],"scale":1.02049994,"type":"tree_aspen_small_b"}
{"ctxid":0,"pos":[-1881.68005,1196.40002,-553.752014],"rotationMatrix":[0.923324704,-0.384002984,0,0.384002984,0.923324704,0,0,0,1],"scale":1.39409995,"type":"tree_aspen_small_b"}
{"ctxid":0,"pos":[-1933.60999,1160.08997,-552.637024],"rotationMatrix":[-0.0913553238,0.995915294,0,-0.995915294,-0.0913553238,0,0,0,1],"scale":1.19439995,"type":"tree_aspen_small_b"}
{"ctxid":0,"pos":[-1927.88,1180.93005,-554.286011],"rotationMatrix":[-0.999599934,-0.0229976997,0,0.0229976997,-0.999599934,0,0,0,1],"scale":0.930999994,"type":"tree_aspen_small_b"}
{"ctxid":0,"pos":[-1960.89001,1069.46997,-552.458008],"rotationMatrix":[0.622245669,-0.782801509,0,0.782801509,0.622245669,0,0,0,1],"scale":1.27310002,"type":"tree_aspen_small_b"}
{"ctxid":0,"pos":[-1957.81995,1008.78003,-552.948975],"rotationMatrix":[-0.962576628,0.271622509,0,-0.271622509,-0.962576628,0,0,0,1],"scale":1.3118,"type":"tree_aspen_small_b"}
{"ctxid":0,"pos":[-1957.07996,1022.65002,-553.98999],"rotationMatrix":[0.483668864,-0.875253022,0,0.875253022,0.483668864,0,0,0,1],"scale":0.9727,"type":"tree_aspen_small_b"}
{"ctxid":0,"pos":[-1955.96997,1028.64001,-553.53302],"rotationMatrix":[0.371455312,0.928465724,0,-0.928465724,0.371455312,0,0,0,1],"scale":1.0855,"type":"tree_aspen_small_b"}
{"ctxid":0,"pos":[-1070.78003,985.515991,-528.059021],"rotationMatrix":[0.398953497,0.917028964,0,-0.917028964,0.398953497,0,0,0,1],"scale":1.17630005,"type":"tree_aspen_small_b"}
{"ctxid":0,"pos":[-1076.56006,984.791992,-527.992004],"rotationMatrix":[-0.189807415,-0.981864929,0,0.981864929,-0.189807415,0,0,0,1],"scale":1.03680003,"type":"tree_aspen_small_b"}
{"ctxid":0,"pos":[-1589.76001,997.598999,-544.343994],"rotationMatrix":[0.762363791,0.647139788,0,-0.647139788,0.762363791,0,0,0,1],"scale":1.09570003,"type":"tree_aspen_small_b"}
{"ctxid":0,"pos":[-1527.93994,845.372009,-533.755981],"rotationMatrix":[0.350655854,-0.936523318,0,0.936523318,0.350655854,0,0,0,1],"scale":0.995000005,"type":"tree_aspen_small_b"}
{"ctxid":0,"pos":[-1525.06006,759.020996,-548.776978],"rotationMatrix":[0.894107997,0.447866648,0,-0.447866648,0.894107997,0,0,0,1],"scale":0.92110002,"type":"tree_aspen_small_b"}
{"ctxid":0,"pos":[-1562.22998,756.802002,-549.590027],"rotationMatrix":[0.993132055,0.117000766,0,-0.117000766,0.993132055,0,0,0,1],"scale":1.28820002,"type":"tree_aspen_small_b"}
{"ctxid":0,"pos":[-1556.79004,752.237,-551.169983],"rotationMatrix":[0.999893427,0.0146000003,0,-0.0146000003,0.999893427,0,0,0,1],"scale":1.01569998,"type":"tree_aspen_small_b"}
{"ctxid":0,"pos":[-1645.59998,754.684998,-548.981995],"rotationMatrix":[0.736607194,0.676300406,0,-0.676300406,0.736607194,0,0,0,1],"scale":1.25510001,"type":"tree_aspen_small_b"}
{"ctxid":0,"pos":[-1654.28003,754.994019,-550.700012],"rotationMatrix":[-0.929433823,-0.36930719,0,0.36930719,-0.929433823,0,0,0,1],"scale":0.914699972,"type":"tree_aspen_small_b"}
{"ctxid":0,"pos":[-1658.67004,757.380981,-552.783997],"rotationMatrix":[0.752754927,-0.658335865,0,0.658335865,0.752754927,0,0,0,1],"scale":0.968900025,"type":"tree_aspen_small_b"}
{"ctxid":0,"pos":[-1636.5,791.125977,-548.614014],"rotationMatrix":[0.777822256,-0.62847048,0,0.62847048,0.777822256,0,0,0,1],"scale":1.23640001,"type":"tree_aspen_small_b"}
{"ctxid":0,"pos":[-1595.82996,744.08197,-548.421021],"rotationMatrix":[-0.114524603,-0.993442237,0,0.993442237,-0.114524603,0,0,0,1],"scale":1.15009999,"type":"tree_aspen_small_b"}
{"ctxid":0,"pos":[-1614.29004,701.54303,-548.742981],"rotationMatrix":[-0.889567971,-0.456840008,0,0.456840008,-0.889567971,0,0,0,1],"scale":1.36479998,"type":"tree_aspen_small_b"}
{"ctxid":0,"pos":[-1673.07996,720.341003,-548.791016],"rotationMatrix":[0.992212474,-0.124562874,0,0.124562874,0.992212474,0,0,0,1],"scale":0.917100012,"type":"tree_aspen_small_b"}
{"ctxid":0,"pos":[-1679.76001,683.825989,-548.828979],"rotationMatrix":[0.997951984,-0.0639680028,0,0.0639680028,0.997951984,0,0,0,1],"scale":1.35479999,"type":"tree_aspen_small_b"}
{"ctxid":0,"pos":[-1680.68994,670.921021,-548.434021],"rotationMatrix":[-0.380789638,-0.924625516,0,0.924625516,-0.380789638,0,0,0,1],"scale":1.32099998,"type":"tree_aspen_small_b"}
{"ctxid":0,"pos":[-1695.98999,717.023987,-548.781982],"rotationMatrix":[0.912387013,-0.409348935,0,0.409348935,0.912387013,0,0,0,1],"scale":1.03820002,"type":"tree_aspen_small_b"}
{"ctxid":0,"pos":[-1694.31995,682.072998,-548.458008],"rotationMatrix":[-0.988416791,-0.152955145,0,0.152955145,-0.988416791,0,0,0,1],"scale":1.2098,"type":"tree_aspen_small_b"}
{"ctxid":0,"pos":[-1738.93994,602.197998,-549.192017],"rotationMatrix":[0.996302009,-0.0859226063,0,0.0859226063,0.996302009,0,0,0,1],"scale":0.980000019,"type":"tree_aspen_small_b"}
{"ctxid":0,"pos":[-1924.48999,950.695007,-544.242004],"rotationMatrix":[-0.990810513,0.136285827,0,-0.136285827,-0.990810513,0,0,0,1],"scale":0.960900009,"type":"tree_aspen_small_b"}
{"ctxid":0,"pos":[-1928.65002,979.708984,-552.692017],"rotationMatrix":[0.212487519,-0.97714299,0,0.97714299,0.212487519,0,0,0,1],"scale":1.29980004,"type":"tree_aspen_small_b"}
{"ctxid":0,"pos":[-1955.93994,993.129028,-552.429016],"rotationMatrix":[0.0455906987,0.999035001,0,-0.999035001,0.0455906987,0,0,0,1],"scale":1.13909996,"type":"tree_aspen_small_b"}
{"ctxid":0,"pos":[-1945.09998,901.403015,-553.119019],"rotationMatrix":[-0.592398643,-0.805568457,0,0.805568457,-0.592398643,0,0,0,1],"scale":1.13880002,"type":"tree_aspen_small_b"}
{"ctxid":0,"pos":[-1966.96997,892.015991,-551.223999],"rotationMatrix":[0.433739126,0.901058197,0,-0.901058197,0.433739126,0,0,0,1],"scale":1.10000002,"type":"tree_aspen_small_b"}
{"ctxid":0,"pos":[-1958.56006,825.403992,-548.528992],"rotationMatrix":[0.282637537,0.959198296,0,-0.959198296,0.282637537,0,0,0,1],"scale":1.32000005,"type":"tree_aspen_small_b"}
{"ctxid":0,"pos":[-1992.18994,866.78302,-549.276001],"rotationMatrix":[-0.588118434,0.808762312,0,-0.808762312,-0.588118434,0,0,0,1],"scale":1.07079995,"type":"tree_aspen_small_b"}
{"ctxid":0,"pos":[-1969.55005,803.521973,-548.203003],"rotationMatrix":[-0.812227249,-0.583133996,0,0.583133996,-0.812227249,0,0,0,1],"scale":1.03859997,"type":"tree_aspen_small_b"}
{"ctxid":0,"pos":[-1963.54004,795.484985,-548.184021],"rotationMatrix":[0.568665266,0.82254523,0,-0.82254523,0.568665266,0,0,0,1],"scale":1.04610002,"type":"tree_aspen_small_b"}
{"ctxid":0,"pos":[-1847.31006,628.672974,-553.432007],"rotationMatrix":[0.999815702,-0.0192000009,0,0.0192000009,0.999815702,0,0,0,1],"scale":1.36609995,"type":"tree_aspen_small_b"}
{"ctxid":0,"pos":[-1806.76001,591.351013,-548.385986],"rotationMatrix":[0.830754399,0.556666195,0,-0.556666195,0.830754399,0,0,0,1],"scale":1.14390004,"type":"tree_aspen_small_b"}
{"ctxid":0,"pos":[-1817.51001,575.432007,-548.607971],"rotationMatrix":[0.899558365,-0.436815709,0,0.436815709,0.899558365,0,0,0,1],"scale":0.989499986,"type":"tree_aspen_small_b"}
{"ctxid":0,"pos":[-1836.47998,554.85498,-550.705017],"rotationMatrix":[-0.484019995,-0.875010133,0,0.875010133,-0.484019995,0,0,0,1],"scale":1.33819997,"type":"tree_aspen_small_b"}
{"ctxid":0,"pos":[-1880.21997,728.041016,-553.396973],"rotationMatrix":[0.930360913,-0.366631687,0,0.366631687,0.930360913,0,0,0,1],"scale":1.33070004,"type":"tree_aspen_small_b"}
{"ctxid":0,"pos":[-1883.88,634.565002,-551.29303],"rotationMatrix":[0.0241955519,-0.999693215,0,0.999693215,0.0241955519,0,0,0,1],"scale":1.01370001,"type":"tree_aspen_small_b"}
{"ctxid":0,"pos":[-1904.67004,617.609985,-548.632996],"rotationMatrix":[-0.895793796,-0.444156319,0,0.444156319,-0.895793796,0,0,0,1],"scale":1.21259999,"type":"tree_aspen_small_b"}
{"ctxid":0,"pos":[-1987.23999,515.403992,-548.864014],"rotationMatrix":[0.981298208,0.19249101,0,-0.19249101,0.981298208,0,0,0,1],"scale":1.10160005,"type":"tree_aspen_small_b"}
{"ctxid":0,"pos":[-1601.93005,350.151001,-544.721985],"rotationMatrix":[0.996783972,0.0801358372,0,-0.0801358372,0.996783972,0,0,0,1],"scale":1.34819996,"type":"tree_aspen_small_b"}
{"ctxid":0,"pos":[-1675.87,421.696991,-548.393005],"rotationMatrix":[0.989487529,0.144622996,0,-0.144622996,0.989487529,0,0,0,1],"scale":1.19280005,"type":"tree_aspen_small_b"}
{"ctxid":0,"pos":[-1659.43994,287.875,-541.567017],"rotationMatrix":[-0.837827802,0.545826852,0,-0.545826852,-0.837827802,0,0,0,1],"scale":1.16279995,"type":"tree_aspen_small_b"}
{"ctxid":0,"pos":[-1667.47998,272.46701,-547.682983],"rotationMatrix":[0.691416323,0.722437799,0,-0.722437799,0.691416323,0,0,0,1],"scale":1.31330001,"type":"tree_aspen_small_b"}
{"ctxid":0,"pos":[-1693.69995,290.016998,-548.932983],"rotationMatrix":[-1,-0.00800000038,0,0.00800000038,-1,0,0,0,1],"scale":1.28980005,"type":"tree_aspen_small_b"}
{"ctxid":0,"pos":[-1855.42004,410.902008,-548.388],"rotationMatrix":[0.972715497,-0.232011527,0,0.232011527,0.972715497,0,0,0,1],"scale":1.00779998,"type":"tree_aspen_small_b"}
{"ctxid":0,"pos":[-1874.05005,390.723999,-548.674011],"rotationMatrix":[-0.427374005,-0.904104948,0,0.904104948,-0.427374005,0,0,0,1],"scale":1.20799994,"type":"tree_aspen_small_b"}
{"ctxid":0,"pos":[-1874.78003,394.473999,-548.88501],"rotationMatrix":[-1,-0.0153999999,0,0.0153999999,-1,0,0,0,1],"scale":1.03900003,"type":"tree_aspen_small_b"}
{"ctxid":0,"pos":[-1854.80005,387.963013,-548.642029],"rotationMatrix":[-0.0972729921,0.995352626,0,-0.995352626,-0.0972729921,0,0,0,1],"scale":0.911199987,"type":"tree_aspen_small_b"}
{"ctxid":0,"pos":[-1914.72998,317.240997,-548.458984],"rotationMatrix":[-0.992407203,0.122965917,0,-0.122965917,-0.992407203,0,0,0,1],"scale":1.12489998,"type":"tree_aspen_small_b"}
{"ctxid":0,"pos":[-1892.34998,303.712006,-548.684998],"rotationMatrix":[-0.062007308,-0.998173237,0,0.998173237,-0.062007308,0,0,0,1],"scale":1.21270001,"type":"tree_aspen_small_b"}
{"ctxid":0,"pos":[-1914.53003,303.222992,-548.841003],"rotationMatrix":[-0.870564938,0.492060512,0,-0.492060512,-0.870564938,0,0,0,1],"scale":1.37,"type":"tree_aspen_small_b"}
{"ctxid":0,"pos":[-1921.82996,289.881012,-548.495972],"rotationMatrix":[-0.192894578,0.981129944,0,-0.981129944,-0.192894578,0,0,0,1],"scale":0.966400027,"type":"tree_aspen_small_b"}
{"ctxid":0,"pos":[-1945.37,336.837006,-548.41803],"rotationMatrix":[-0.345456123,0.938472867,0,-0.938472867,-0.345456123,0,0,0,1],"scale":0.954900026,"type":"tree_aspen_small_b"}
{"ctxid":0,"pos":[-1937.89001,334.164001,-548.393005],"rotationMatrix":[-0.258015275,-0.966154397,0,0.966154397,-0.258015275,0,0,0,1],"scale":1.13989997,"type":"tree_aspen_small_b"}
{"ctxid":0,"pos":[1230.58997,1040.43005,-565.531006],"rotationMatrix":[-0.938086629,-0.346311897,0,0.346311897,-0.938086629,0,0,0,1],"scale":1.23210001,"type":"tree_aspen_small_b"}
{"ctxid":0,"pos":[1318.90002,938.411011,-563.401001],"rotationMatrix":[-0.0313352346,0.999451637,0,-0.999451637,-0.0313352346,0,0,0,1],"scale":1.03110003,"type":"tree_aspen_small_b"}
{"ctxid":0,"pos":[1259.02002,802.692017,-560.325989],"rotationMatrix":[-0.841664195,0.540254831,0,-0.540254831,-0.841664195,0,0,0,1],"scale":0.961000025,"type":"tree_aspen_small_b"}
{"ctxid":0,"pos":[1225.87,831.403992,-560.380005],"rotationMatrix":[-0.957824826,-0.286926001,0,0.286926001,-0.957824826,0,0,0,1],"scale":0.993200004,"type":"tree_aspen_small_b"}
{"ctxid":0,"pos":[1234.43005,809.572021,-560.45697],"rotationMatrix":[-0.267550468,0.96344018,0,-0.96344018,-0.267550468,0,0,0,1],"scale":0.981000006,"type":"tree_aspen_small_b"}
{"ctxid":0,"pos":[1235.54004,746.984985,-560.208008],"rotationMatrix":[0.372575939,-0.927973747,0,0.927973747,0.372575939,0,0,0,1],"scale":0.947399974,"type":"tree_aspen_small_b"}
{"ctxid":0,"pos":[-1602.82104,378.11615,-543.266235],"rotationMatrix":[-0.916238189,-0.400633752,0,0.400633752,-0.916238189,0,0,0,0.999999881],"scale":1,"type":"tree_aspen_small_b"}
{"ctxid":0,"pos":[-1594.59766,386.304626,-543.658569],"rotationMatrix":[0.971303463,0.237843484,0,-0.237843484,0.971303463,0,0,0,0.999999881],"scale":1,"type":"tree_aspen_small_b"}
{"ctxid":0,"pos":[-1599.12756,387.990265,-546.270386],"rotationMatrix":[0.467729896,-0.883871257,0,0.883871257,0.467729896,0,0,0,0.999999881],"scale":1,"type":"tree_aspen_small_b"}
{"ctxid":0,"pos":[-1596.67688,410.369598,-547.720337],"rotationMatrix":[0.948754132,0.316015035,0,-0.316015035,0.948754132,0,0,0,0.999999881],"scale":1,"type":"tree_aspen_small_b"}
{"ctxid":0,"pos":[-1600.29932,405.773956,-548.136414],"rotationMatrix":[0.324130595,-0.946012199,0,0.946012199,0.324130595,0,0,0,0.999999881],"scale":1,"type":"tree_aspen_small_b"}
{"ctxid":0,"pos":[-1608.56262,428.919495,-548.377808],"rotationMatrix":[-0.991709411,0.12849997,0,-0.12849997,-0.991709411,0,0,0,0.999999881],"scale":1,"type":"tree_aspen_small_b"}
{"ctxid":0,"pos":[-1633.45056,426.611847,-548.377808],"rotationMatrix":[-0.928430021,0.371507287,0,-0.371507287,-0.928430021,0,0,0,0.999999881],"scale":1,"type":"tree_aspen_small_b"}
{"ctxid":0,"pos":[-1638.56604,417.341492,-548.377808],"rotationMatrix":[-0.601761222,0.798675835,0,-0.798675835,-0.601761222,0,0,0,0.999999881],"scale":1,"type":"tree_aspen_small_b"}
{"ctxid":0,"pos":[-1647.86768,416.516663,-548.377808],"rotationMatrix":[-0.64921236,-0.760607064,0,0.760607064,-0.64921236,0,0,0,0.999999881],"scale":1,"type":"tree_aspen_small_b"}
{"ctxid":0,"pos":[-1670.58972,406.196808,-548.377808],"rotationMatrix":[-0.379609853,-0.925146639,0,0.925146639,-0.379609853,0,0,0,0.999999881],"scale":1,"type":"tree_aspen_small_b"}
{"ctxid":0,"pos":[-1662.76465,419.182465,-548.377808],"rotationMatrix":[-0.664318919,0.747448981,0,-0.747448981,-0.664318919,0,0,0,0.999999881],"scale":1,"type":"tree_aspen_small_b"}
{"ctxid":0,"pos":[-1650.24011,421.162872,-548.377808],"rotationMatrix":[0.0595938042,0.998222589,0,-0.998222589,0.0595938042,0,0,0,0.999999881],"scale":1,"type":"tree_aspen_small_b"}
{"ctxid":0,"pos":[-1643.05371,422.711365,-548.377808],"rotationMatrix":[-0.993717968,0.111912243,0,-0.111912243,-0.993717968,0,0,0,0.999999881],"scale":1,"type":"tree_aspen_small_b"}
{"ctxid":0,"pos":[-1678.44775,381.082367,-548.377808],"rotationMatrix":[0.956159711,0.292845458,0,-0.292845458,0.956159711,0,0,0,0.999999881],"scale":1,"type":"tree_aspen_small_b"}
{"ctxid":0,"pos":[-1684.57568,329.486328,-548.377808],"rotationMatrix":[-0.762595773,0.646875083,0,-0.646875083,-0.762595773,0,0,0,0.999999881],"scale":1,"type":"tree_aspen_small_b"}
{"ctxid":0,"pos":[-1676.14038,341.127502,-548.377808],"rotationMatrix":[-0.293935001,-0.955825329,0,0.955825329,-0.293935001,0,0,0,0.999999881],"scale":1,"type":"tree_aspen_small_b"}
{"ctxid":0,"pos":[-1695.70667,325.388458,-548.377808],"rotationMatrix":[0.987489223,-0.157685906,0,0.157685906,0.987489223,0,0,0,0.999999881],"scale":1,"type":"tree_aspen_small_b"}
{"ctxid":0,"pos":[-1695.30322,329.809265,-548.377808],"rotationMatrix":[0.835019529,0.550220251,0,-0.550220251,0.835019529,0,0,0,0.999999881],"scale":1,"type":"tree_aspen_small_b"}
{"ctxid":0,"pos":[-1689.74036,336.336029,-548.377808],"rotationMatrix":[-0.889907122,-0.456141591,0,0.456141591,-0.889907122,0,0,0,0.999999881],"scale":1,"type":"tree_aspen_small_b"}
{"ctxid":0,"pos":[-1712.70605,352.105652,-548.377808],"rotationMatrix":[0.384544194,-0.923106492,0,0.923106492,0.384544194,0,0,0,0.999999881],"scale":1,"type":"tree_aspen_small_b"}
{"ctxid":0,"pos":[-1724.15649,379.473572,-548.377808],"rotationMatrix":[-0.994142115,0.108080409,0,-0.108080409,-0.994142115,0,0,0,0.999999881],"scale":1,"type":"tree_aspen_small_b"}
{"ctxid":0,"pos":[-1720.79504,389.999817,-548.377808],"rotationMatrix":[-0.786299884,-0.61784482,0,0.61784482,-0.786299884,0,0,0,0.999999881],"scale":1,"type":"tree_aspen_small_b"}
{"ctxid":0,"pos":[-1740.31311,391.753052,-548.377808],"rotationMatrix":[0.856573939,-0.516024053,0,0.516024053,0.856573939,0,0,0,0.999999881],"scale":1,"type":"tree_aspen_small_b"}
{"ctxid":0,"pos":[-1699.20874,403.562317,-548.377808],"rotationMatrix":[-0.927000344,-0.37506023,0,0.37506023,-0.927000344,0,0,0,0.999999881],"scale":1,"type":"tree_aspen_small_b"}
{"ctxid":0,"pos":[-3718.25513,-3949.96558,-499.60553],"rotationMatrix":[-0.849454463,-0.527661979,0,0.527661979,-0.849454463,0,0,0,0.999999881],"scale":1,"type":"tree_aspen_small_b"}
{"ctxid":0,"pos":[-3714.125,-3953.35278,-498.31015],"rotationMatrix":[0.83871299,0.544573724,0,-0.544573724,0.83871299,0,0,0,0.999999881],"scale":1,"type":"tree_aspen_small_b"}
{"ctxid":0,"pos":[-1054.20752,-5251.99658,-521.923157],"rotationMatrix":[0.958007991,0.286741465,0,-0.286741465,0.958007991,0,0,0,0.999999881],"scale":1,"type":"tree_aspen_small_b"}
{"ctxid":0,"pos":[-1011.36584,-5255.6084,-521.845703],"rotationMatrix":[0.887746871,-0.460331798,0,0.460331798,0.887746871,0,0,0,0.999999881],"scale":1,"type":"tree_aspen_small_b"}
{"ctxid":0,"pos":[-1009.03009,-5243.47217,-522.043457],"rotationMatrix":[0.998621762,0.0524816699,0,-0.0524816699,0.998621762,0,0,0,0.999999881],"scale":1,"type":"tree_aspen_small_b"}
{"ctxid":0,"pos":[-1053.88733,-5175.17822,-522.715576],"rotationMatrix":[-0.86909169,-0.494650871,0,0.494650871,-0.86909169,0,0,0,0.999999881],"scale":1,"type":"tree_aspen_small_b"}
{"ctxid":0,"pos":[-1025.16785,-5201.48047,-522.635498],"rotationMatrix":[0.857667565,0.514204443,0,-0.514204443,0.857667565,0,0,0,0.999999881],"scale":1,"type":"tree_aspen_small_b"}
{"ctxid":0,"pos":[426.123444,1354.18372,-564.610535],"rotationMatrix":[0.744056761,-0.668116271,0,0.668116271,0.744056761,0,0,0,0.999999881],"scale":1,"type":"tree_aspen_small_b"}
{"ctxid":0,"pos":[429.070587,1360.57434,-564.591797],"rotationMatrix":[-0.168607235,-0.985683203,0,0.985683203,-0.168607235,0,0,0,0.999999881],"scale":1,"type":"tree_aspen_small_b"}
{"ctxid":0,"pos":[459.107452,1393.26318,-564.609375],"rotationMatrix":[0.231004596,-0.972952604,0,0.972952604,0.231004596,0,0,0,0.999999881],"scale":1,"type":"tree_aspen_small_b"}
{"ctxid":0,"pos":[462.811554,1395.18225,-564.609375],"rotationMatrix":[0.421938837,0.906624317,0,-0.906624317,0.421938837,0,0,0,0.999999881],"scale":1,"type":"tree_aspen_small_b"}
{"ctxid":0,"pos":[466.02652,1397.71912,-564.609375],"rotationMatrix":[-0.671653211,-0.740865529,0,0.740865529,-0.671653211,0,0,0,0.999999881],"scale":1,"type":"tree_aspen_small_b"}
{"ctxid":0,"pos":[480.180634,1405.30359,-564.591797],"rotationMatrix":[-0.365678132,0.930741251,0,-0.930741251,-0.365678132,0,0,0,0.999999881],"scale":1,"type":"tree_aspen_small_b"}
{"ctxid":0,"pos":[482.902161,1406.93713,-564.591797],"rotationMatrix":[-0.0629907399,-0.998014033,0,0.998014033,-0.0629907399,0,0,0,0.999999881],"scale":1,"type":"tree_aspen_small_b"}
{"ctxid":0,"pos":[486.529846,1408.98596,-564.591797],"rotationMatrix":[0.538342595,-0.842725933,0,0.842725933,0.538342595,0,0,0,0.999999881],"scale":1,"type":"tree_aspen_small_b"}
{"ctxid":0,"pos":[333.153687,-2082.51929,-520.003357],"rotationMatrix":[-0.315997392,0.948759973,0,-0.948759973,-0.315997392,0,0,0,0.999999881],"scale":1,"type":"tree_aspen_small_b"}
{"ctxid":0,"pos":[328.792603,-2079.02222,-520.003357],"rotationMatrix":[-0.658212006,0.752832413,0,-0.752832413,-0.658212006,0,0,0,0.999999881],"scale":1,"type":"tree_aspen_small_b"}
{"ctxid":0,"pos":[325.041046,-2075.85938,-520.003357],"rotationMatrix":[0.786898732,0.617082179,0,-0.617082179,0.786898732,0,0,0,0.999999881],"scale":1,"type":"tree_aspen_small_b"}
{"ctxid":0,"pos":[319.535828,-2071.6814,-520.003357],"rotationMatrix":[0.999972284,0.00743650831,0,-0.00743650831,0.999972284,0,0,0,0.999999881],"scale":1,"type":"tree_aspen_small_b"}
{"ctxid":0,"pos":[316.031647,-2068.6416,-520.003357],"rotationMatrix":[0.174647942,-0.984630883,0,0.984630883,0.174647942,0,0,0,0.999999881],"scale":1,"type":"tree_aspen_small_b"}
{"ctxid":0,"pos":[313.076965,-2066.43481,-520.003357],"rotationMatrix":[-0.994591177,-0.10386645,0,0.10386645,-0.994591177,0,0,0,0.999999881],"scale":1,"type":"tree_aspen_small_b"}
{"ctxid":0,"pos":[309.983215,-2063.875,-520.003357],"rotationMatrix":[0.934669852,-0.355516672,0,0.355516672,0.934669852,0,0,0,0.999999881],"scale":1,"type":"tree_aspen_small_b"}
{"ctxid":0,"pos":[306.091675,-2061.45508,-520.003357],"rotationMatrix":[-0.664870858,-0.746958196,0,0.746958196,-0.664870858,0,0,0,0.999999881],"scale":1,"type":"tree_aspen_small_b"}
{"ctxid":0,"pos":[302.732697,-2057.83228,-520.003357],"rotationMatrix":[0.76147455,-0.64819473,0,0.64819473,0.76147455,0,0,0,0.999999881],"scale":1,"type":"tree_aspen_small_b"}
{"ctxid":0,"pos":[298.904816,-2054.8562,-520.003357],"rotationMatrix":[0.619954586,-0.78463757,0,0.78463757,0.619954586,0,0,0,0.999999881],"scale":1,"type":"tree_aspen_small_b"}
{"ctxid":0,"pos":[295.874268,-2051.89502,-520.003357],"rotationMatrix":[-0.334729284,0.942314208,0,-0.942314208,-0.334729284,0,0,0,0.999999881],"scale":1,"type":"tree_aspen_small_b"}
{"ctxid":0,"pos":[291.870636,-2048.39062,-520.003357],"rotationMatrix":[-0.99795872,0.063860409,0,-0.063860409,-0.99795872,0,0,0,0.999999881],"scale":1,"type":"tree_aspen_small_b"}
{"ctxid":0,"pos":[287.446381,-2045.4928,-520.003357],"rotationMatrix":[-0.963759422,0.266772598,0,-0.266772598,-0.963759422,0,0,0,0.999999881],"scale":1,"type":"tree_aspen_small_b"}
{"ctxid":0,"pos":[283.9646,-2041.64563,-520.003357],"rotationMatrix":[0.660154283,0.751130044,0,-0.751130044,0.660154283,0,0,0,0.999999881],"scale":1,"type":"tree_aspen_small_b"}
{"ctxid":0,"pos":[280.414337,-2038.14441,-520.003357],"rotationMatrix":[-0.171839729,0.985124767,0,-0.985124767,-0.171839729,0,0,0,0.999999881],"scale":1,"type":"tree_aspen_small_b"}
{"ctxid":0,"pos":[273.332336,-2033.02319,-520.003357],"rotationMatrix":[0.530658901,-0.84758532,0,0.84758532,0.530658901,0,0,0,0.999999881],"scale":1,"type":"tree_aspen_small_b"}
{"ctxid":0,"pos":[270.841278,-2030.81995,-520.003357],"rotationMatrix":[-0.593317628,-0.804968297,0,0.804968297,-0.593317628,0,0,0,0.999999881],"scale":1,"type":"tree_aspen_small_b"}
{"ctxid":0,"pos":[264.512115,-2025.02087,-520.003357],"rotationMatrix":[0.869368434,-0.494164228,0,0.494164228,0.869368434,0,0,0,0.999999881],"scale":1,"type":"tree_aspen_small_b"}
{"ctxid":0,"pos":[261.331512,-2022.24463,-520.037354],"rotationMatrix":[-0.997999132,0.0632258281,0,-0.0632258281,-0.997999132,0,0,0,0.999999881],"scale":1,"type":"tree_aspen_small_b"}
{"ctxid":0,"pos":[251.523926,-2042.89392,-520.003357],"rotationMatrix":[0.71556294,0.698548257,0,-0.698548257,0.71556294,0,0,0,0.999999881],"scale":1,"type":"tree_aspen_small_b"}
{"ctxid":0,"pos":[254.959473,-2045.76587,-520.003357],"rotationMatrix":[0.610581875,0.791953146,0,-0.791953146,0.610581875,0,0,0,0.999999881],"scale":1,"type":"tree_aspen_small_b"}
{"ctxid":0,"pos":[259.283997,-2050.31274,-520.003357],"rotationMatrix":[0.997674048,-0.0681629926,0,0.0681629926,0.997674048,0,0,0,0.999999881],"scale":1,"type":"tree_aspen_small_b"}
{"ctxid":0,"pos":[264.346832,-2054.71753,-520.003357],"rotationMatrix":[-0.883188486,0.469018191,0,-0.469018191,-0.883188486,0,0,0,0.999999881],"scale":1,"type":"tree_aspen_small_b"}
{"ctxid":0,"pos":[268.462891,-2057.61621,-520.003357],"rotationMatrix":[0.945008099,0.327046841,0,-0.327046841,0.945008099,0,0,0,0.999999881],"scale":1,"type":"tree_aspen_small_b"}
{"ctxid":0,"pos":[273.029907,-2061.26831,-520.003357],"rotationMatrix":[0.488691032,0.872456968,0,-0.872456968,0.488691032,0,0,0,0.999999881],"scale":1,"type":"tree_aspen_small_b"}
{"ctxid":0,"pos":[277.233856,-2065.70752,-520.003357],"rotationMatrix":[0.392469019,-0.919765115,0,0.919765115,0.392469019,0,0,0,0.999999881],"scale":1,"type":"tree_aspen_small_b"}
{"ctxid":0,"pos":[282.799316,-2069.97656,-520.003357],"rotationMatrix":[0.488354236,-0.872645438,0,0.872645438,0.488354236,0,0,0,0.999999881],"scale":1,"type":"tree_aspen_small_b"}
{"ctxid":0,"pos":[287.076813,-2074.4895,-520.003357],"rotationMatrix":[-0.96405524,-0.265701741,0,0.265701741,-0.96405524,0,0,0,0.999999881],"scale":1,"type":"tree_aspen_small_b"}
{"ctxid":0,"pos":[292.167175,-2078.375,-520.003357],"rotationMatrix":[-0.982857525,0.184366256,0,-0.184366256,-0.982857525,0,0,0,0.999999881],"scale":1,"type":"tree_aspen_small_b"}
{"ctxid":0,"pos":[294.854889,-2081.49194,-520.003357],"rotationMatrix":[0.677438498,0.735579431,0,-0.735579431,0.677438498,0,0,0,0.999999881],"scale":1,"type":"tree_aspen_small_b"}
{"ctxid":0,"pos":[298.74585,-2084.36499,-520.003357],"rotationMatrix":[0.954167247,0.299273819,0,-0.299273819,0.954167247,0,0,0,0.999999881],"scale":1,"type":"tree_aspen_small_b"}
{"ctxid":0,"pos":[302.493011,-2087.49243,-520.003357],"rotationMatrix":[-0.30901739,-0.951056302,0,0.951056302,-0.30901739,0,0,0,0.999999881],"scale":1,"type":"tree_aspen_small_b"}
{"ctxid":0,"pos":[307.492493,-2091.87891,-520.003357],"rotationMatrix":[0.3843382,0.923192382,0,-0.923192382,0.3843382,0,0,0,0.999999881],"scale":1,"type":"tree_aspen_small_b"}
{"ctxid":0,"pos":[312.223419,-2095.5542,-520.003357],"rotationMatrix":[0.997621834,-0.0689236596,0,0.0689236596,0.997621834,0,0,0,0.999999881],"scale":1,"type":"tree_aspen_small_b"}
{"ctxid":0,"pos":[316.371613,-2099.58887,-520.003357],"rotationMatrix":[0.979190767,0.202941746,0,-0.202941746,0.979190767,0,0,0,0.999999881],"scale":1,"type":"tree_aspen_small_b"}
{"ctxid":0,"pos":[319.637146,-2102.58179,-520.003357],"rotationMatrix":[-0.71475178,-0.699378014,0,0.699378014,-0.71475178,0,0,0,0.999999881],"scale":1,"type":"tree_aspen_small_b"}
{"ctxid":0,"pos":[324.97876,-2106.29199,-520.003357],"rotationMatrix":[-0.534987509,0.844859779,0,-0.844859779,-0.534987509,0,0,0,0.999999881],"scale":1,"type":"tree_aspen_small_b"}
{"ctxid":0,"pos":[330.213623,-2109.97559,-520.003357],"rotationMatrix":[0.923621833,0.383304894,0,-0.383304894,0.923621833,0,0,0,0.999999881],"scale":1,"type":"tree_aspen_small_b"}
{"ctxid":0,"pos":[334.747223,-2113.85352,-520.003357],"rotationMatrix":[0.997402847,0.0720237419,0,-0.0720237419,0.997402847,0,0,0,0.999999881],"scale":1,"type":"tree_aspen_small_b"}
{"ctxid":0,"pos":[-3356.60962,-6766.66211,-559.883667],"rotationMatrix":[0.999664187,-0.0259121154,0,0.0259121154,0.999664187,0,0,0,0.999999881],"scale":1,"type":"tree_aspen_small_b"}
{"ctxid":0,"pos":[-3348.11768,-6757.75195,-559.61969],"rotationMatrix":[0.393958598,0.91912818,0,-0.91912818,0.393958598,0,0,0,0.999999881],"scale":1,"type":"tree_aspen_small_b"}
{"ctxid":0,"pos":[-3356.32275,-6755.92139,-560.774048],"rotationMatrix":[-0.475407273,0.879765689,0,-0.879765689,-0.475407273,0,0,0,0.999999881],"scale":1,"type":"tree_aspen_small_b"}
{"ctxid":0,"pos":[-3356.76855,-6781.30615,-559.192383],"rotationMatrix":[0.74618268,0.665741265,0,-0.665741265,0.74618268,0,0,0,0.999999881],"scale":1,"type":"tree_aspen_small_b"}
{"ctxid":0,"pos":[-3357.20947,-6787.04346,-559.055847],"rotationMatrix":[0.179337978,-0.983787417,0,0.983787417,0.179337978,0,0,0,0.999999881],"scale":1,"type":"tree_aspen_small_b"}
{"ctxid":0,"pos":[-3359.99316,-6800.62256,-559.131592],"rotationMatrix":[-0.49507466,0.868850291,0,-0.868850291,-0.49507466,0,0,0,0.999999881],"scale":1,"type":"tree_aspen_small_b"}
{"ctxid":0,"pos":[-3355.64941,-6818.51221,-559.819153],"rotationMatrix":[0.927199364,0.374568135,0,-0.374568135,0.927199364,0,0,0,0.999999881],"scale":1,"type":"tree_aspen_small_b"}
{"ctxid":0,"pos":[-3361.09082,-6815.24219,-559.847656],"rotationMatrix":[0.61828059,-0.785957336,0,0.785957336,0.61828059,0,0,0,0.999999881],"scale":1,"type":"tree_aspen_small_b"}
{"ctxid":0,"pos":[-3357.09155,-6770.66064,-559.667236],"rotationMatrix":[0.191421196,-0.981507897,0,0.981507897,0.191421196,0,0,0,0.999999881],"scale":1,"type":"tree_aspen_small_b"}
{"ctxid":0,"pos":[-3281.87036,-6841.0918,-566.344543],"rotationMatrix":[-0.931490481,0.363765448,0,-0.363765448,-0.931490481,0,0,0,0.999999881],"scale":1,"type":"tree_aspen_small_b"}
{"ctxid":0,"pos":[-3291.51318,-6844.70898,-567.467163],"rotationMatrix":[0.779166639,-0.62681675,0,0.62681675,0.779166639,0,0,0,0.999999881],"scale":1,"type":"tree_aspen_small_b"}
{"ctxid":0,"pos":[-3334.31519,-6836.05811,-565.042542],"rotationMatrix":[-0.581221521,0.813745141,0,-0.813745141,-0.581221521,0,0,0,0.999999881],"scale":1,"type":"tree_aspen_small_b"}
{"ctxid":0,"pos":[-3328.40088,-6841.15479,-566.751709],"rotationMatrix":[0.994978249,-0.100090876,0,0.100090876,0.994978249,0,0,0,0.999999881],"scale":1,"type":"tree_aspen_small_b"}
{"ctxid":0,"pos":[-3241.88574,-6863.48047,-566.973083],"rotationMatrix":[0.915826261,0.401574552,0,-0.401574552,0.915826261,0,0,0,0.999999881],"scale":1,"type":"tree_aspen_small_b"}
{"ctxid":0,"pos":[-3214.21387,-6859.78027,-564.573486],"rotationMatrix":[-0.14013207,-0.990132749,0,0.990132749,-0.14013207,0,0,0,0.999999881],"scale":1,"type":"tree_aspen_small_b"}
{"ctxid":0,"pos":[-3214.25732,-6866.77539,-566.258911],"rotationMatrix":[0.614602387,-0.788836956,0,0.788836956,0.614602387,0,0,0,0.999999881],"scale":1,"type":"tree_aspen_small_b"}
