{"ctxid":0,"pos":[4914.91748,-6018.1665,-540.10498],"rotationMatrix":[0.18225655,0.983251035,0,-0.983251035,0.18225655,0,0,0,1],"scale":1,"type":"tree_douglasfir_large_b2"}
{"ctxid":0,"pos":[4919.15576,-6002.25635,-547.873352],"rotationMatrix":[0.982129216,0.188207865,0,-0.188207865,0.982129216,0,0,0,1],"scale":1,"type":"tree_douglasfir_large_b2"}
{"ctxid":0,"pos":[4865.50635,-5998.55127,-537.89447],"rotationMatrix":[-0.312861145,0.949798882,0,-0.949798882,-0.312861145,0,0,0,1],"scale":1,"type":"tree_douglasfir_large_b2"}
{"ctxid":0,"pos":[4866.58643,-6035.59814,-518.085571],"rotationMatrix":[0.905690789,-0.42393893,0,0.42393893,0.905690789,0,0,0,1],"scale":1,"type":"tree_douglasfir_large_b2"}
{"ctxid":0,"pos":[4803.51465,-6030.21143,-508.434052],"rotationMatrix":[0.792317986,0.610108376,0,-0.610108376,0.792317986,0,0,0,1],"scale":1,"type":"tree_douglasfir_large_b2"}
{"ctxid":0,"pos":[4810.64502,-6003.46484,-525.490112],"rotationMatrix":[-0.970093369,-0.242732137,0,0.242732137,-0.970093369,0,0,0,1],"scale":1,"type":"tree_douglasfir_large_b2"}
{"ctxid":0,"pos":[4811.35303,-6025.07129,-509.083435],"rotationMatrix":[-0.85003072,-0.52673316,0,0.52673316,-0.85003072,0,0,0,1],"scale":1,"type":"tree_douglasfir_large_b2"}
{"ctxid":0,"pos":[4811.12939,-6017.07812,-517.024353],"rotationMatrix":[-0.969836533,-0.243756145,0,0.243756145,-0.969836533,0,0,0,1],"scale":1,"type":"tree_douglasfir_large_b2"}
{"ctxid":0,"pos":[4826.8291,-6026.9292,-511.728241],"rotationMatrix":[0.938720882,0.344678342,0,-0.344678342,0.938720882,0,0,0,1],"scale":1,"type":"tree_douglasfir_large_b2"}
{"ctxid":0,"pos":[4808.51758,-6002.62842,-525.954224],"rotationMatrix":[-0.386097759,0.922457874,0,-0.922457874,-0.386097759,0,0,0,1],"scale":1,"type":"tree_douglasfir_large_b2"}
{"ctxid":0,"pos":[4745.71191,-6018.28564,-508.191345],"rotationMatrix":[0.16364409,0.986519456,0,-0.986519456,0.16364409,0,0,0,1],"scale":1,"type":"tree_douglasfir_large_b2"}
{"ctxid":0,"pos":[4768.79639,-6007.17725,-518.914673],"rotationMatrix":[0.604110122,0.796900809,0,-0.796900809,0.604110122,0,0,0,1],"scale":1,"type":"tree_douglasfir_large_b2"}
{"ctxid":0,"pos":[4718.70557,-5993.63232,-529.503723],"rotationMatrix":[0.545159161,-0.838332534,0,0.838332534,0.545159161,0,0,0,1],"scale":1,"type":"tree_douglasfir_large_b2"}
{"ctxid":0,"pos":[4706.55762,-5991.22607,-532.019775],"rotationMatrix":[0.887585104,-0.460643768,0,0.460643768,0.887585104,0,0,0,1],"scale":1,"type":"tree_douglasfir_large_b2"}
{"ctxid":0,"pos":[4690.07764,-6006.4668,-517.226807],"rotationMatrix":[0.342997611,0.9393363,0,-0.9393363,0.342997611,0,0,0,1],"scale":1,"type":"tree_douglasfir_large_b2"}
{"ctxid":0,"pos":[4701.43652,-6026.83301,-501.365234],"rotationMatrix":[0.980867565,0.194676325,0,-0.194676325,0.980867565,0,0,0,1],"scale":1,"type":"tree_douglasfir_large_b2"}
{"ctxid":0,"pos":[4692.32568,-6006.10059,-517.72876],"rotationMatrix":[-0.266360074,0.963873625,0,-0.963873625,-0.266360074,0,0,0,1],"scale":1,"type":"tree_douglasfir_large_b2"}
{"ctxid":0,"pos":[4915.79199,-6132.9043,-483.15448],"rotationMatrix":[0.24018839,0.970726311,0,-0.970726311,0.24018839,0,0,0,1],"scale":1,"type":"tree_douglasfir_large_b2"}
{"ctxid":0,"pos":[4906.97119,-6144.78711,-488.698517],"rotationMatrix":[-0.906867504,-0.421415895,0,0.421415895,-0.906867504,0,0,0,1],"scale":1,"type":"tree_douglasfir_large_b2"}
{"ctxid":0,"pos":[4892.42969,-6126.10254,-488.912598],"rotationMatrix":[0.827415168,0.561590731,0,-0.561590731,0.827415168,0,0,0,1],"scale":1,"type":"tree_douglasfir_large_b2"}
{"ctxid":0,"pos":[4977.96191,-6161.53223,-484.156311],"rotationMatrix":[-0.945481956,-0.325674504,0,0.325674504,-0.945481956,0,0,0,1],"scale":1,"type":"tree_douglasfir_large_b2"}
{"ctxid":0,"pos":[4880.5874,-5846.62988,-552.296082],"rotationMatrix":[0.771030247,0.636798561,0,-0.636798561,0.771030247,0,0,0,1],"scale":1,"type":"tree_douglasfir_large_b2"}
{"ctxid":0,"pos":[4894.51318,-5819.26123,-552.71814],"rotationMatrix":[0.93197906,0.362512141,0,-0.362512141,0.93197906,0,0,0,1],"scale":1,"type":"tree_douglasfir_large_b2"}
{"ctxid":0,"pos":[4886.99121,-5861.77148,-552.021484],"rotationMatrix":[-0.946633399,-0.322312325,0,0.322312325,-0.946633399,0,0,0,1],"scale":1,"type":"tree_douglasfir_large_b2"}
{"ctxid":0,"pos":[4917.7959,-5843.22656,-552.533569],"rotationMatrix":[0.545002401,-0.838434458,0,0.838434458,0.545002401,0,0,0,1],"scale":1,"type":"tree_douglasfir_large_b2"}
{"ctxid":0,"pos":[4862.79492,-5887.98193,-551.579956],"rotationMatrix":[-0.397599161,0.917559206,0,-0.917559206,-0.397599161,0,0,0,1],"scale":1,"type":"tree_douglasfir_large_b2"}
{"ctxid":0,"pos":[4853.40625,-5862.66846,-552.123901],"rotationMatrix":[0.999997318,-0.00230563595,0,0.00230563595,0.999997318,0,0,0,1],"scale":1,"type":"tree_douglasfir_large_b2"}
{"ctxid":0,"pos":[4910.33691,-5939.49219,-551.042603],"rotationMatrix":[-0.663104475,0.748526871,0,-0.748526871,-0.663104475,0,0,0,1],"scale":1,"type":"tree_douglasfir_large_b2"}
{"ctxid":0,"pos":[4957.82959,-5888.18604,-551.859375],"rotationMatrix":[0.483834624,-0.875159442,0,0.875159442,0.483834624,0,0,0,1],"scale":1,"type":"tree_douglasfir_large_b2"}
{"ctxid":0,"pos":[4922.32764,-5898.02881,-551.461914],"rotationMatrix":[0.983392477,0.181491613,0,-0.181491613,0.983392477,0,0,0,1],"scale":1,"type":"tree_douglasfir_large_b2"}
{"ctxid":0,"pos":[4958.66357,-5881.02539,-552.081482],"rotationMatrix":[0.990774989,0.135517344,0,-0.135517344,0.990774989,0,0,0,1],"scale":1,"type":"tree_douglasfir_large_b2"}
{"ctxid":0,"pos":[4933.57373,-5872.67578,-552.075928],"rotationMatrix":[0.700832307,0.713326037,0,-0.713326037,0.700832307,0,0,0,1],"scale":1,"type":"tree_douglasfir_large_b2"}
{"ctxid":0,"pos":[4951.81299,-5888.42676,-551.822144],"rotationMatrix":[0.466663122,-0.884435117,0,0.884435117,0.466663122,0,0,0,1],"scale":1,"type":"tree_douglasfir_large_b2"}
{"ctxid":0,"pos":[4874.88184,-5931.99463,-550.933228],"rotationMatrix":[0.859023035,-0.511936963,0,0.511936963,0.859023035,0,0,0,1],"scale":1,"type":"tree_douglasfir_large_b2"}
{"ctxid":0,"pos":[4842.90088,-5948.78711,-550.607666],"rotationMatrix":[0.286678106,-0.958026946,0,0.958026946,0.286678106,0,0,0,1],"scale":1,"type":"tree_douglasfir_large_b2"}
{"ctxid":0,"pos":[4850.9502,-5966.72803,-550.23468],"rotationMatrix":[0.996392548,0.0848642886,0,-0.0848642886,0.996392548,0,0,0,1],"scale":1,"type":"tree_douglasfir_large_b2"}
{"ctxid":0,"pos":[4845.11816,-5975.3042,-550.038269],"rotationMatrix":[0.77223736,0.635334134,0,-0.635334134,0.77223736,0,0,0,1],"scale":1,"type":"tree_douglasfir_large_b2"}
{"ctxid":0,"pos":[4861.58301,-5899.39404,-551.373291],"rotationMatrix":[-0.958197951,-0.28610608,0,0.28610608,-0.958197951,0,0,0,1],"scale":1,"type":"tree_douglasfir_large_b2"}
{"ctxid":0,"pos":[4828.59619,-5910.72852,-551.506348],"rotationMatrix":[-0.450140566,0.892957687,0,-0.892957687,-0.450140566,0,0,0,1],"scale":1,"type":"tree_douglasfir_large_b2"}
{"ctxid":0,"pos":[4795.54639,-5917.83301,-552.189209],"rotationMatrix":[-0.618166506,-0.78604722,0,0.78604722,-0.618166506,0,0,0,1],"scale":1,"type":"tree_douglasfir_large_b2"}
{"ctxid":0,"pos":[4816.11279,-5898.87012,-552.003662],"rotationMatrix":[-0.886134684,0.463427782,0,-0.463427782,-0.886134684,0,0,0,1],"scale":1,"type":"tree_douglasfir_large_b2"}
{"ctxid":0,"pos":[4791.61426,-5971.15332,-551.217407],"rotationMatrix":[-0.830776453,0.556606233,0,-0.556606233,-0.830776453,0,0,0,1],"scale":1,"type":"tree_douglasfir_large_b2"}
{"ctxid":0,"pos":[4787.80225,-5976.64453,-550.73584],"rotationMatrix":[-0.520381331,0.85393399,0,-0.85393399,-0.520381331,0,0,0,1],"scale":1,"type":"tree_douglasfir_large_b2"}
{"ctxid":0,"pos":[4760.21338,-5993.09277,-528.780212],"rotationMatrix":[0.363841861,-0.931460738,0,0.931460738,0.363841861,0,0,0,1],"scale":1,"type":"tree_douglasfir_large_b2"}
{"ctxid":0,"pos":[4781.15771,-5989.83936,-538.320007],"rotationMatrix":[0.705118299,0.709089696,0,-0.709089696,0.705118299,0,0,0,1],"scale":1,"type":"tree_douglasfir_large_b2"}
{"ctxid":0,"pos":[4754.74316,-5986.49414,-536.792114],"rotationMatrix":[0.92342639,-0.383775562,0,0.383775562,0.92342639,0,0,0,1],"scale":1,"type":"tree_douglasfir_large_b2"}
{"ctxid":0,"pos":[4764.19092,-5978.41064,-548.172729],"rotationMatrix":[0.42817089,-0.903697789,0,0.903697789,0.42817089,0,0,0,1],"scale":1,"type":"tree_douglasfir_large_b2"}
{"ctxid":0,"pos":[4703.01611,-5942.66895,-547.778015],"rotationMatrix":[-0.969053328,-0.246851504,0,0.246851504,-0.969053328,0,0,0,1],"scale":1,"type":"tree_douglasfir_large_b2"}
{"ctxid":0,"pos":[4702.13818,-5926.62646,-545.926331],"rotationMatrix":[0.974750519,0.223296672,0,-0.223296672,0.974750519,0,0,0,1],"scale":1,"type":"tree_douglasfir_large_b2"}
{"ctxid":0,"pos":[4737.03711,-5911.50342,-551.634827],"rotationMatrix":[-0.360708654,0.932678521,0,-0.932678521,-0.360708654,0,0,0,1],"scale":1,"type":"tree_douglasfir_large_b2"}
{"ctxid":0,"pos":[4757.21484,-5901.81152,-553.454834],"rotationMatrix":[-0.763473332,-0.645839334,0,0.645839334,-0.763473332,0,0,0,1],"scale":1,"type":"tree_douglasfir_large_b2"}
{"ctxid":0,"pos":[4761.31885,-5945.67627,-549.797058],"rotationMatrix":[0.246770099,-0.96907407,0,0.96907407,0.246770099,0,0,0,1],"scale":1,"type":"tree_douglasfir_large_b2"}
{"ctxid":0,"pos":[4765.89111,-5920.40771,-552.998535],"rotationMatrix":[-0.72841692,-0.685134113,0,0.685134113,-0.72841692,0,0,0,1],"scale":1,"type":"tree_douglasfir_large_b2"}
{"ctxid":0,"pos":[4647.87744,-5953.4292,-528.898743],"rotationMatrix":[0.830613136,-0.556849957,0,0.556849957,0.830613136,0,0,0,1],"scale":1,"type":"tree_douglasfir_large_b2"}
{"ctxid":0,"pos":[4623.0835,-5965.63721,-532.077026],"rotationMatrix":[-0.960416734,0.278567255,0,-0.278567255,-0.960416734,0,0,0,1],"scale":1,"type":"tree_douglasfir_large_b2"}
{"ctxid":0,"pos":[4625.89111,-5945.66064,-527.720642],"rotationMatrix":[-0.714317441,-0.69982183,0,0.69982183,-0.714317441,0,0,0,1],"scale":1,"type":"tree_douglasfir_large_b2"}
{"ctxid":0,"pos":[4613.17578,-5955.99365,-528.161072],"rotationMatrix":[0.295446604,0.95535928,0,-0.95535928,0.295446604,0,0,0,1],"scale":1,"type":"tree_douglasfir_large_b2"}
{"ctxid":0,"pos":[2915.96826,2250.30884,-548.221313],"rotationMatrix":[0.886398196,-0.462923646,0,0.462923646,0.886398196,0,0,0,1],"scale":1,"type":"tree_douglasfir_large_b2"}
{"ctxid":0,"pos":[2918.09375,2268.71997,-550.949402],"rotationMatrix":[-0.256577522,0.966523647,0,-0.966523647,-0.256577522,0,0,0,1],"scale":1,"type":"tree_douglasfir_large_b2"}
{"ctxid":0,"pos":[2908.93066,2262.39893,-549.906311],"rotationMatrix":[-0.615193605,0.788376093,0,-0.788376093,-0.615193605,0,0,0,1],"scale":1,"type":"tree_douglasfir_large_b2"}
{"ctxid":0,"pos":[2907.4978,2258.12817,-549.254211],"rotationMatrix":[-0.999980211,-0.00628887629,0,0.00628887629,-0.999980211,0,0,0,1],"scale":1,"type":"tree_douglasfir_large_b2"}
{"ctxid":0,"pos":[2921.94995,2244.46582,-546.834717],"rotationMatrix":[-0.508581579,-0.86101383,0,0.86101383,-0.508581579,0,0,0,1],"scale":1,"type":"tree_douglasfir_large_b2"}
{"ctxid":0,"pos":[2911.41479,2205.84985,-539.384399],"rotationMatrix":[0.942454875,0.33433342,0,-0.33433342,0.942454875,0,0,0,1],"scale":1,"type":"tree_douglasfir_large_b2"}
{"ctxid":0,"pos":[2917.84375,2280.57324,-552.281006],"rotationMatrix":[0.358090013,0.933687091,0,-0.933687091,0.358090013,0,0,0,1],"scale":1,"type":"tree_douglasfir_large_b2"}
{"ctxid":0,"pos":[4873.02344,2763.85474,-232.924469],"rotationMatrix":[-0.0157323983,-0.999876261,0,0.999876261,-0.0157323983,0,0,0,1],"scale":1,"type":"tree_douglasfir_large_b2"}
{"ctxid":0,"pos":[4906.37061,2729.23169,-238.885681],"rotationMatrix":[-0.368065536,-0.929799855,0,0.929799855,-0.368065536,0,0,0,1],"scale":1,"type":"tree_douglasfir_large_b2"}
{"ctxid":0,"pos":[4899.00684,2743.1311,-236.594971],"rotationMatrix":[0.995517671,-0.0945758447,0,0.0945758447,0.995517671,0,0,0,1],"scale":1,"type":"tree_douglasfir_large_b2"}
{"ctxid":0,"pos":[1786.48743,2258.02759,-548.767273],"rotationMatrix":[0.912210941,0.409720868,0,-0.409720868,0.912210941,0,0,0,1],"scale":1,"type":"tree_douglasfir_large_b2"}
{"ctxid":0,"pos":[1841.39429,2260.00293,-546.874939],"rotationMatrix":[-0.83516258,-0.550003171,0,0.550003171,-0.83516258,0,0,0,1],"scale":1,"type":"tree_douglasfir_large_b2"}
{"ctxid":0,"pos":[1846.46289,2258.07788,-546.767151],"rotationMatrix":[0.978833973,0.20465596,0,-0.20465596,0.978833973,0,0,0,1],"scale":1,"type":"tree_douglasfir_large_b2"}
{"ctxid":0,"pos":[1842.76477,2251.44409,-546.804688],"rotationMatrix":[0.527675927,-0.84944576,0,0.84944576,0.527675927,0,0,0,1],"scale":1,"type":"tree_douglasfir_large_b2"}
{"ctxid":0,"pos":[2133.16553,2296.16797,-551.485718],"rotationMatrix":[-0.884839952,-0.465895146,0,0.465895146,-0.884839952,0,0,0,1],"scale":1,"type":"tree_douglasfir_large_b2"}
{"ctxid":0,"pos":[2114.99805,2273.94873,-551.00354],"rotationMatrix":[-0.958358467,-0.285568029,0,0.285568029,-0.958358467,0,0,0,1],"scale":1,"type":"tree_douglasfir_large_b2"}
{"ctxid":0,"pos":[2117.15381,2273.948,-551.015442],"rotationMatrix":[-0.782226384,0.622994304,0,-0.622994304,-0.782226384,0,0,0,1],"scale":1,"type":"tree_douglasfir_large_b2"}
{"ctxid":0,"pos":[2162.29956,2258.62012,-550.440552],"rotationMatrix":[-0.989636302,0.143596426,0,-0.143596426,-0.989636302,0,0,0,1],"scale":1,"type":"tree_douglasfir_large_b2"}
{"ctxid":0,"pos":[2564.12036,2241.60254,-550.716675],"rotationMatrix":[-0.827308953,0.561747193,0,-0.561747193,-0.827308953,0,0,0,1],"scale":1,"type":"tree_douglasfir_large_b2"}
{"ctxid":0,"pos":[5331.05518,-1564.82898,-542.110474],"rotationMatrix":[-0.298935473,0.954273343,0,-0.954273343,-0.298935473,0,0,0,1],"scale":1,"type":"tree_douglasfir_large_b2"}
{"ctxid":0,"pos":[5317.72217,-1567.04932,-541.918091],"rotationMatrix":[0.271933615,-0.962316036,0,0.962316036,0.271933615,0,0,0,1],"scale":1,"type":"tree_douglasfir_large_b2"}
{"ctxid":0,"pos":[5392.79199,-1497.93811,-545.954163],"rotationMatrix":[0.457254678,-0.889335811,0,0.889335811,0.457254678,0,0,0,1],"scale":1,"type":"tree_douglasfir_large_b2"}
{"ctxid":0,"pos":[5373.70801,-1487.80835,-545.792603],"rotationMatrix":[0.655392826,-0.755288184,0,0.755288184,0.655392826,0,0,0,1],"scale":1,"type":"tree_douglasfir_large_b2"}
{"ctxid":0,"pos":[5269.53125,-1562.08887,-541.823364],"rotationMatrix":[-0.710063159,-0.704137981,0,0.704137981,-0.710063159,0,0,0,1],"scale":1,"type":"tree_douglasfir_large_b2"}
{"ctxid":0,"pos":[5089.98438,-1769.10889,-548.785767],"rotationMatrix":[-0.929371417,0.369146049,0,-0.369146049,-0.929371417,0,0,0,1],"scale":1,"type":"tree_douglasfir_large_b2"}
{"ctxid":0,"pos":[5080.71631,-1746.33228,-546.974854],"rotationMatrix":[0.760888457,0.648882687,0,-0.648882687,0.760888457,0,0,0,1],"scale":1,"type":"tree_douglasfir_large_b2"}
{"ctxid":0,"pos":[5209.39453,-2306.01978,-539.604004],"rotationMatrix":[-0.909721732,-0.415218502,0,0.415218502,-0.909721732,0,0,0,1],"scale":1,"type":"tree_douglasfir_large_b2"}
{"ctxid":0,"pos":[4042.61011,-5538.56982,-508.794983],"rotationMatrix":[-0.146582767,0.989198387,0,-0.989198387,-0.146582767,0,0,0,1],"scale":1,"type":"tree_douglasfir_large_b2"}
{"ctxid":0,"pos":[4052.00244,-5574.56689,-511.349976],"rotationMatrix":[-0.414788663,0.909917772,0,-0.909917772,-0.414788663,0,0,0,1],"scale":1,"type":"tree_douglasfir_large_b2"}
{"ctxid":0,"pos":[4077.83179,-5558.72461,-509.671509],"rotationMatrix":[0.841362,0.540472031,0,-0.540472031,0.841362,0,0,0,1],"scale":1,"type":"tree_douglasfir_large_b2"}
{"ctxid":0,"pos":[4084.33374,-5555.70898,-509.451782],"rotationMatrix":[0.420437098,-0.907321692,0,0.907321692,0.420437098,0,0,0,1],"scale":1,"type":"tree_douglasfir_large_b2"}
{"ctxid":0,"pos":[3810.97656,-5332.08008,-463.987793],"rotationMatrix":[0.192008406,0.981393278,0,-0.981393278,0.192008406,0,0,0,1],"scale":1,"type":"tree_douglasfir_large_b2"}
{"ctxid":0,"pos":[3892.6543,-5341.97949,-496.300964],"rotationMatrix":[0.991095424,-0.133153349,0,0.133153349,0.991095424,0,0,0,1],"scale":1,"type":"tree_douglasfir_large_b2"}
{"ctxid":0,"pos":[4566.46094,-546.845093,-322.15274],"rotationMatrix":[0.950238943,0.311521918,0,-0.311521918,0.950238943,0,0,0,1],"scale":1,"type":"tree_douglasfir_large_b2"}
{"ctxid":0,"pos":[5152.31543,-6641.32861,-547.148438],"rotationMatrix":[0.217285261,-0.976108015,0,0.976108015,0.217285261,0,0,0,0.999999881],"scale":1,"type":"tree_douglasfir_large_b2"}
{"ctxid":0,"pos":[5110.3916,-6656.07031,-544.589844],"rotationMatrix":[0.99833554,-0.0576715581,0,0.0576715581,0.99833554,0,0,0,0.999999881],"scale":1,"type":"tree_douglasfir_large_b2"}
{"ctxid":0,"pos":[5105.02588,-6643.38623,-544.799927],"rotationMatrix":[-0.831277788,0.555856824,0,-0.555856824,-0.831277788,0,0,0,0.999999881],"scale":1,"type":"tree_douglasfir_large_b2"}
{"ctxid":0,"pos":[5116.77344,-6644.61426,-545.613525],"rotationMatrix":[-0.466097385,-0.884733319,0,0.884733319,-0.466097385,0,0,0,0.999999881],"scale":1,"type":"tree_douglasfir_large_b2"}
{"ctxid":0,"pos":[5191.87891,-6625.94678,-547.754517],"rotationMatrix":[0.455919027,-0.890021265,0,0.890021265,0.455919027,0,0,0,0.999999881],"scale":1,"type":"tree_douglasfir_large_b2"}
{"ctxid":0,"pos":[5160.58301,-6599.60889,-549.436157],"rotationMatrix":[-0.977677166,-0.210112557,0,0.210112557,-0.977677166,0,0,0,0.999999881],"scale":1,"type":"tree_douglasfir_large_b2"}
{"ctxid":0,"pos":[5238.02637,-6639.8042,-545.846863],"rotationMatrix":[0.86169368,-0.507428527,0,0.507428527,0.86169368,0,0,0,0.999999881],"scale":1,"type":"tree_douglasfir_large_b2"}
{"ctxid":0,"pos":[5248.27051,-6593.40332,-547.905212],"rotationMatrix":[0.687239349,0.726431012,0,-0.726431012,0.687239349,0,0,0,0.999999881],"scale":1,"type":"tree_douglasfir_large_b2"}
{"ctxid":0,"pos":[5208.18262,-6528.99512,-551.344482],"rotationMatrix":[-0.971288741,-0.23790355,0,0.23790355,-0.971288741,0,0,0,0.999999881],"scale":1,"type":"tree_douglasfir_large_b2"}
{"ctxid":0,"pos":[5254.10547,-6638.72119,-545.371216],"rotationMatrix":[0.862860799,0.505441546,0,-0.505441546,0.862860799,0,0,0,0.999999881],"scale":1,"type":"tree_douglasfir_large_b2"}
{"ctxid":0,"pos":[5315.92041,-6607.04785,-547.181763],"rotationMatrix":[-0.961737096,0.273973674,0,-0.273973674,-0.961737096,0,0,0,0.999999881],"scale":1,"type":"tree_douglasfir_large_b2"}
{"ctxid":0,"pos":[5373.41943,-6614.10889,-549.141541],"rotationMatrix":[-0.186872035,0.982384145,0,-0.982384145,-0.186872035,0,0,0,0.999999881],"scale":1,"type":"tree_douglasfir_large_b2"}
{"ctxid":0,"pos":[5379.26904,-6630.40967,-548.593506],"rotationMatrix":[0.939344823,0.342974126,0,-0.342974126,0.939344823,0,0,0,0.999999881],"scale":1,"type":"tree_douglasfir_large_b2"}
{"ctxid":0,"pos":[5401.02734,-6602.36328,-551.00824],"rotationMatrix":[0.473749727,0.88065958,0,-0.88065958,0.473749727,0,0,0,0.999999881],"scale":1,"type":"tree_douglasfir_large_b2"}
{"ctxid":0,"pos":[5102.29834,-6561.84814,-548.424683],"rotationMatrix":[-0.577976167,-0.81605351,0,0.81605351,-0.577976167,0,0,0,0.999999881],"scale":1,"type":"tree_douglasfir_large_b2"}
{"ctxid":0,"pos":[5094.16992,-6571.05615,-547.289001],"rotationMatrix":[-0.986400723,0.164357498,0,-0.164357498,-0.986400723,0,0,0,0.999999881],"scale":1,"type":"tree_douglasfir_large_b2"}
{"ctxid":0,"pos":[5201.36572,-6699.03369,-543.186157],"rotationMatrix":[0.931034982,-0.364929587,0,0.364929587,0.931034982,0,0,0,0.999999881],"scale":1,"type":"tree_douglasfir_large_b2"}
{"ctxid":0,"pos":[5159.85449,-6700.50928,-543.337769],"rotationMatrix":[0.810836256,-0.585272968,0,0.585272968,0.810836256,0,0,0,0.999999881],"scale":1,"type":"tree_douglasfir_large_b2"}
{"ctxid":0,"pos":[5148.67627,-6714.03027,-539.491333],"rotationMatrix":[-0.878913283,0.47698158,0,-0.47698158,-0.878913283,0,0,0,0.999999881],"scale":1,"type":"tree_douglasfir_large_b2"}
{"ctxid":0,"pos":[5487.0874,-6602.01367,-550.210205],"rotationMatrix":[0.318448216,-0.947940171,0,0.947940171,0.318448216,0,0,0,0.999999881],"scale":1,"type":"tree_douglasfir_large_b2"}
{"ctxid":0,"pos":[5547.31396,-6530.16992,-550.011292],"rotationMatrix":[-0.364962637,-0.931022108,0,0.931022108,-0.364962637,0,0,0,0.999999881],"scale":1,"type":"tree_douglasfir_large_b2"}
{"ctxid":0,"pos":[5606.10449,-6517.7876,-549.518738],"rotationMatrix":[0.724244475,-0.689543068,0,0.689543068,0.724244475,0,0,0,0.999999881],"scale":1,"type":"tree_douglasfir_large_b2"}
{"ctxid":0,"pos":[5543.91504,-6557.63184,-550.006653],"rotationMatrix":[-0.949358284,0.314195603,0,-0.314195603,-0.949358284,0,0,0,0.999999881],"scale":1,"type":"tree_douglasfir_large_b2"}
{"ctxid":0,"pos":[5543.30371,-6542.47168,-550.056702],"rotationMatrix":[0.137862489,0.990451336,0,-0.990451336,0.137862489,0,0,0,0.999999881],"scale":1,"type":"tree_douglasfir_large_b2"}
{"ctxid":0,"pos":[5326.83643,-6736.76807,-540.151123],"rotationMatrix":[-0.641304195,0.767286539,0,-0.767286539,-0.641304195,0,0,0,0.999999881],"scale":1,"type":"tree_douglasfir_large_b2"}
{"ctxid":0,"pos":[5427.93359,-6749.36279,-542.22583],"rotationMatrix":[0.919467986,-0.393164605,0,0.393164605,0.919467986,0,0,0,0.999999881],"scale":1,"type":"tree_douglasfir_large_b2"}
{"ctxid":0,"pos":[5411.45068,-6729.46729,-543.274963],"rotationMatrix":[0.300595611,0.953751624,0,-0.953751624,0.300595611,0,0,0,0.999999881],"scale":1,"type":"tree_douglasfir_large_b2"}
{"ctxid":0,"pos":[5410.89551,-6715.1001,-544.490906],"rotationMatrix":[-0.932909787,-0.360109895,0,0.360109895,-0.932909787,0,0,0,0.999999881],"scale":1,"type":"tree_douglasfir_large_b2"}
{"ctxid":0,"pos":[5471.27783,-6712.71973,-546.30957],"rotationMatrix":[-0.55547905,-0.831530392,0,0.831530392,-0.55547905,0,0,0,0.999999881],"scale":1,"type":"tree_douglasfir_large_b2"}
{"ctxid":0,"pos":[5484.89404,-6737.74512,-545.002563],"rotationMatrix":[-0.424813449,-0.905280888,0,0.905280888,-0.424813449,0,0,0,0.999999881],"scale":1,"type":"tree_douglasfir_large_b2"}
{"ctxid":0,"pos":[5469.1001,-6721.36523,-545.633301],"rotationMatrix":[-0.466960281,0.884278119,0,-0.884278119,-0.466960281,0,0,0,0.999999881],"scale":1,"type":"tree_douglasfir_large_b2"}
{"ctxid":0,"pos":[5484.6084,-6726.6792,-545.650757],"rotationMatrix":[-0.713219047,0.700941145,0,-0.700941145,-0.713219047,0,0,0,0.999999881],"scale":1,"type":"tree_douglasfir_large_b2"}
{"ctxid":0,"pos":[5470.28467,-6755.06934,-543.373535],"rotationMatrix":[0.412167698,-0.911107838,0,0.911107838,0.412167698,0,0,0,0.999999881],"scale":1,"type":"tree_douglasfir_large_b2"}
{"ctxid":0,"pos":[5471.16016,-6744.28662,-544.116943],"rotationMatrix":[-0.921494842,0.388390303,0,-0.388390303,-0.921494842,0,0,0,0.999999881],"scale":1,"type":"tree_douglasfir_large_b2"}
{"ctxid":0,"pos":[5492.20898,-6762.84619,-543.96106],"rotationMatrix":[-0.110363357,-0.99389118,0,0.99389118,-0.110363357,0,0,0,0.999999881],"scale":1,"type":"tree_douglasfir_large_b2"}
{"ctxid":0,"pos":[5537.23096,-6731.41943,-548.177917],"rotationMatrix":[0.318875104,-0.947796643,0,0.947796643,0.318875104,0,0,0,0.999999881],"scale":1,"type":"tree_douglasfir_large_b2"}
{"ctxid":0,"pos":[5542.48145,-6777.80615,-546.657593],"rotationMatrix":[0.828476548,-0.560023665,0,0.560023665,0.828476548,0,0,0,0.999999881],"scale":1,"type":"tree_douglasfir_large_b2"}
{"ctxid":0,"pos":[5574.03955,-6714.48438,-550.640564],"rotationMatrix":[0.903426588,-0.428742737,0,0.428742737,0.903426588,0,0,0,0.999999881],"scale":1,"type":"tree_douglasfir_large_b2"}
{"ctxid":0,"pos":[5557.37256,-6689.86572,-550.404053],"rotationMatrix":[0.0872912705,0.99618274,0,-0.99618274,0.0872912705,0,0,0,0.999999881],"scale":1,"type":"tree_douglasfir_large_b2"}
{"ctxid":0,"pos":[5217.7417,-6832.21973,-537.328369],"rotationMatrix":[0.508944809,0.860799134,0,-0.860799134,0.508944809,0,0,0,0.999999881],"scale":1,"type":"tree_douglasfir_large_b2"}
{"ctxid":0,"pos":[5251.90967,-6839.78369,-536.943115],"rotationMatrix":[-0.183486,0.983022213,0,-0.983022213,-0.183486,0,0,0,0.999999881],"scale":1,"type":"tree_douglasfir_large_b2"}
{"ctxid":0,"pos":[5285.6416,-6873.88184,-536.412109],"rotationMatrix":[-0.845178068,-0.534484923,0,0.534484923,-0.845178068,0,0,0,0.999999881],"scale":1,"type":"tree_douglasfir_large_b2"}
{"ctxid":0,"pos":[5233.12988,-6874.90918,-537.238037],"rotationMatrix":[-0.297488868,0.954725206,0,-0.954725206,-0.297488868,0,0,0,0.999999881],"scale":1,"type":"tree_douglasfir_large_b2"}
{"ctxid":0,"pos":[5293.52197,-6834.19775,-537.028931],"rotationMatrix":[-0.78977412,0.613397479,0,-0.613397479,-0.78977412,0,0,0,0.999999881],"scale":1,"type":"tree_douglasfir_large_b2"}
{"ctxid":0,"pos":[5325.57129,-6828.49658,-537.217529],"rotationMatrix":[0.924405634,0.381410748,0,-0.381410748,0.924405634,0,0,0,0.999999881],"scale":1,"type":"tree_douglasfir_large_b2"}
{"ctxid":0,"pos":[5363.83008,-6822.54785,-537.733765],"rotationMatrix":[0.910673916,-0.413125664,0,0.413125664,0.910673916,0,0,0,0.999999881],"scale":1,"type":"tree_douglasfir_large_b2"}
{"ctxid":0,"pos":[5345.75684,-6858.03857,-537.521484],"rotationMatrix":[-0.999556065,-0.0297878124,0,0.0297878124,-0.999556065,0,0,0,0.999999881],"scale":1,"type":"tree_douglasfir_large_b2"}
{"ctxid":0,"pos":[5344.76025,-6849.56689,-537.480469],"rotationMatrix":[0.494158268,-0.869371951,0,0.869371951,0.494158268,0,0,0,0.999999881],"scale":1,"type":"tree_douglasfir_large_b2"}
{"ctxid":0,"pos":[5153.17578,-6767.40186,-538.902893],"rotationMatrix":[0.840236545,0.542219996,0,-0.542219996,0.840236545,0,0,0,0.999999881],"scale":1,"type":"tree_douglasfir_large_b2"}
{"ctxid":0,"pos":[5289.1543,-6811.95166,-537.477783],"rotationMatrix":[-0.909027636,0.416735679,0,-0.416735679,-0.909027636,0,0,0,0.999999881],"scale":1,"type":"tree_douglasfir_large_b2"}
{"ctxid":0,"pos":[5191.07129,-6814.26221,-537.498291],"rotationMatrix":[-0.720026433,-0.693946481,0,0.693946481,-0.720026433,0,0,0,0.999999881],"scale":1,"type":"tree_douglasfir_large_b2"}
{"ctxid":0,"pos":[5441.30225,-6827.26611,-540.732666],"rotationMatrix":[-0.445952892,-0.895056307,0,0.895056307,-0.445952892,0,0,0,0.999999881],"scale":1,"type":"tree_douglasfir_large_b2"}
{"ctxid":0,"pos":[5125.16943,-6794.69531,-537.707275],"rotationMatrix":[0.213882044,0.97685951,0,-0.97685951,0.213882044,0,0,0,0.999999881],"scale":1,"type":"tree_douglasfir_large_b2"}
{"ctxid":0,"pos":[5844.29736,-5752.20166,-553.52948],"rotationMatrix":[-0.988308072,0.152469695,0,-0.152469695,-0.988308072,0,0,0,0.999999881],"scale":1,"type":"tree_douglasfir_large_b2"}
{"ctxid":0,"pos":[5872.11963,-5747.43359,-553.828064],"rotationMatrix":[0.497238964,0.867613614,0,-0.867613614,0.497238964,0,0,0,0.999999881],"scale":1,"type":"tree_douglasfir_large_b2"}
{"ctxid":0,"pos":[5815.0127,-5753.0459,-553.205627],"rotationMatrix":[0.38823989,0.921558321,0,-0.921558321,0.38823989,0,0,0,0.999999881],"scale":1,"type":"tree_douglasfir_large_b2"}
{"ctxid":0,"pos":[5897.34521,-5783.48291,-553.306396],"rotationMatrix":[0.322902888,-0.946431935,0,0.946431935,0.322902888,0,0,0,0.999999881],"scale":1,"type":"tree_douglasfir_large_b2"}
{"ctxid":0,"pos":[5902.57959,-5787.23779,-553.273193],"rotationMatrix":[0.0332612731,-0.999446571,0,0.999446571,0.0332612731,0,0,0,0.999999881],"scale":1,"type":"tree_douglasfir_large_b2"}
{"ctxid":0,"pos":[5828.90088,-5776.49902,-553.182495],"rotationMatrix":[-0.397122055,-0.917765677,0,0.917765677,-0.397122055,0,0,0,0.999999881],"scale":1,"type":"tree_douglasfir_large_b2"}
{"ctxid":0,"pos":[5730.50635,-5857.72168,-553.14447],"rotationMatrix":[0.978824437,-0.2047012,0,0.2047012,0.978824437,0,0,0,0.999999881],"scale":1,"type":"tree_douglasfir_large_b2"}
{"ctxid":0,"pos":[5789.18652,-5799.30176,-553.045532],"rotationMatrix":[-0.0207741484,-0.999784112,0,0.999784112,-0.0207741484,0,0,0,0.999999881],"scale":1,"type":"tree_douglasfir_large_b2"}
{"ctxid":0,"pos":[5807.8252,-5774.28613,-553.080566],"rotationMatrix":[0.772856891,-0.634580195,0,0.634580195,0.772856891,0,0,0,0.999999881],"scale":1,"type":"tree_douglasfir_large_b2"}
{"ctxid":0,"pos":[5556.94531,-5548.2207,-553.378906],"rotationMatrix":[0.742425621,-0.669928253,0,0.669928253,0.742425621,0,0,0,0.999999881],"scale":1,"type":"tree_douglasfir_large_b2"}
{"ctxid":0,"pos":[5537.85693,-5575.2627,-553.679077],"rotationMatrix":[-0.186791927,0.982399344,0,-0.982399344,-0.186791927,0,0,0,0.999999881],"scale":1,"type":"tree_douglasfir_large_b2"}
{"ctxid":0,"pos":[5507.99609,-5568.02295,-554.472046],"rotationMatrix":[-0.470534652,-0.882381499,0,0.882381499,-0.470534652,0,0,0,0.999999881],"scale":1,"type":"tree_douglasfir_large_b2"}
{"ctxid":0,"pos":[5506.40576,-5571.81836,-554.407837],"rotationMatrix":[0.409565449,0.912280738,0,-0.912280738,0.409565449,0,0,0,0.999999881],"scale":1,"type":"tree_douglasfir_large_b2"}
{"ctxid":0,"pos":[5518.43506,-5523.35986,-555.115356],"rotationMatrix":[0.993948042,0.109850295,0,-0.109850295,0.993948042,0,0,0,0.999999881],"scale":1,"type":"tree_douglasfir_large_b2"}
{"ctxid":0,"pos":[5519.29297,-5505.38477,-555.411682],"rotationMatrix":[-0.923698127,-0.383121103,0,0.383121103,-0.923698127,0,0,0,0.999999881],"scale":1,"type":"tree_douglasfir_large_b2"}
{"ctxid":0,"pos":[5533.64502,-5532.99805,-554.352417],"rotationMatrix":[0.956379354,0.292127281,0,-0.292127281,0.956379354,0,0,0,0.999999881],"scale":1,"type":"tree_douglasfir_large_b2"}
{"ctxid":0,"pos":[5529.37549,-5530.93506,-554.542725],"rotationMatrix":[0.642104626,0.766617,0,-0.766617,0.642104626,0,0,0,0.999999881],"scale":1,"type":"tree_douglasfir_large_b2"}
{"ctxid":0,"pos":[5491.64209,-5537.11328,-555.723816],"rotationMatrix":[-0.998651683,-0.0519098565,0,0.0519098565,-0.998651683,0,0,0,0.999999881],"scale":1,"type":"tree_douglasfir_large_b2"}
{"ctxid":0,"pos":[5486.81592,-5552.18506,-555.488892],"rotationMatrix":[-0.995601594,-0.0936874077,0,0.0936874077,-0.995601594,0,0,0,0.999999881],"scale":1,"type":"tree_douglasfir_large_b2"}
{"ctxid":0,"pos":[5431.9917,-5602.87793,-553.948547],"rotationMatrix":[-0.957386315,-0.288810462,0,0.288810462,-0.957386315,0,0,0,0.999999881],"scale":1,"type":"tree_douglasfir_large_b2"}
{"ctxid":0,"pos":[5409.83936,-5611.42676,-553.093933],"rotationMatrix":[0.905442894,0.42446807,0,-0.42446807,0.905442894,0,0,0,0.999999881],"scale":1,"type":"tree_douglasfir_large_b2"}
{"ctxid":0,"pos":[5477.0625,-5601.25684,-553.799316],"rotationMatrix":[0.906921983,-0.421298325,0,0.421298325,0.906921983,0,0,0,0.999999881],"scale":1,"type":"tree_douglasfir_large_b2"}
{"ctxid":0,"pos":[5494.92139,-5600.36377,-553.629517],"rotationMatrix":[-0.968418419,0.249330595,0,-0.249330595,-0.968418419,0,0,0,0.999999881],"scale":1,"type":"tree_douglasfir_large_b2"}
{"ctxid":0,"pos":[5566.53809,-5541.40283,-553.361328],"rotationMatrix":[0.939400434,-0.342821509,0,0.342821509,0.939400434,0,0,0,0.999999881],"scale":1,"type":"tree_douglasfir_large_b2"}
{"ctxid":0,"pos":[5603.42188,-5510.44189,-553.087158],"rotationMatrix":[0.909484565,-0.41573751,0,0.41573751,0.909484565,0,0,0,0.999999881],"scale":1,"type":"tree_douglasfir_large_b2"}
{"ctxid":0,"pos":[5574.05908,-5487.86377,-553.228027],"rotationMatrix":[-0.44212389,-0.896954,0,0.896954,-0.44212389,0,0,0,0.999999881],"scale":1,"type":"tree_douglasfir_large_b2"}
{"ctxid":0,"pos":[5625.41895,-5489.0874,-551.695923],"rotationMatrix":[-0.604816496,-0.796364725,0,0.796364725,-0.604816496,0,0,0,0.999999881],"scale":1,"type":"tree_douglasfir_large_b2"}
{"ctxid":0,"pos":[5618.47607,-5491.32373,-551.970764],"rotationMatrix":[0.913715124,-0.406355143,0,0.406355143,0.913715124,0,0,0,0.999999881],"scale":1,"type":"tree_douglasfir_large_b2"}
{"ctxid":0,"pos":[5890.02197,-5687.62988,-555.049438],"rotationMatrix":[0.980270445,0.197660819,0,-0.197660819,0.980270445,0,0,0,0.999999881],"scale":1,"type":"tree_douglasfir_large_b2"}
{"ctxid":0,"pos":[5884.9834,-5688.03857,-554.997437],"rotationMatrix":[-0.656745017,-0.754112661,0,0.754112661,-0.656745017,0,0,0,0.999999881],"scale":1,"type":"tree_douglasfir_large_b2"}
{"ctxid":0,"pos":[5902.15283,-5694.77393,-554.977539],"rotationMatrix":[0.885381103,0.464865863,0,-0.464865863,0.885381103,0,0,0,0.999999881],"scale":1,"type":"tree_douglasfir_large_b2"}
{"ctxid":0,"pos":[3393.31396,-1814.33508,-554.37915],"rotationMatrix":[-0.984982193,0.17265518,0,-0.17265518,-0.984982193,0,0,0,0.999999881],"scale":1,"type":"tree_douglasfir_large_b2"}
{"ctxid":0,"pos":[3324.5498,-1763.98779,-556.240234],"rotationMatrix":[-0.999443114,0.0333653353,0,-0.0333653353,-0.999443114,0,0,0,0.999999881],"scale":1,"type":"tree_douglasfir_large_b2"}
{"ctxid":0,"pos":[3348.56274,-1761.12622,-555.505127],"rotationMatrix":[-0.401915997,0.915676415,0,-0.915676415,-0.401915997,0,0,0,0.999999881],"scale":1,"type":"tree_douglasfir_large_b2"}
{"ctxid":0,"pos":[3359.78271,-1760.10669,-555.317139],"rotationMatrix":[6.69081928e-05,-0.99999994,0,0.99999994,6.69081928e-05,0,0,0,0.999999881],"scale":1,"type":"tree_douglasfir_large_b2"}
{"ctxid":0,"pos":[3459.49658,-1763.63489,-554.37915],"rotationMatrix":[-0.759031177,-0.651054084,0,0.651054084,-0.759031177,0,0,0,0.999999881],"scale":1,"type":"tree_douglasfir_large_b2"}
{"ctxid":0,"pos":[3560.59644,-1819.52124,-553.826904],"rotationMatrix":[-0.664448321,0.747334003,0,-0.747334003,-0.664448321,0,0,0,0.999999881],"scale":1,"type":"tree_douglasfir_large_b2"}
{"ctxid":0,"pos":[3580.50049,-1815.58618,-552.876465],"rotationMatrix":[-0.931990206,0.362483472,0,-0.362483472,-0.931990206,0,0,0,0.999999881],"scale":1,"type":"tree_douglasfir_large_b2"}
{"ctxid":0,"pos":[3700.52295,-1802.79871,-551.972534],"rotationMatrix":[-0.852899253,0.522075474,0,-0.522075474,-0.852899253,0,0,0,0.999999881],"scale":1,"type":"tree_douglasfir_large_b2"}
{"ctxid":0,"pos":[2829.23389,-476.557678,-557.296143],"rotationMatrix":[-0.863655388,-0.504082441,0,0.504082441,-0.863655388,0,0,0,0.999999881],"scale":1,"type":"tree_douglasfir_large_b2"}
{"ctxid":0,"pos":[2819.95508,-490.833221,-556.941772],"rotationMatrix":[0.639757335,0.76857692,0,-0.76857692,0.639757335,0,0,0,0.999999881],"scale":1,"type":"tree_douglasfir_large_b2"}
{"ctxid":0,"pos":[2808.13794,-541.256165,-556.610229],"rotationMatrix":[-0.240022048,-0.970767379,0,0.970767379,-0.240022048,0,0,0,0.999999881],"scale":1,"type":"tree_douglasfir_large_b2"}
{"ctxid":0,"pos":[2826.31396,-567.644348,-556.800659],"rotationMatrix":[-0.839770675,0.542940974,0,-0.542940974,-0.839770675,0,0,0,0.999999881],"scale":1,"type":"tree_douglasfir_large_b2"}
{"ctxid":0,"pos":[2860.33618,-562.246826,-556.602478],"rotationMatrix":[0.997666955,-0.0682671815,0,0.0682671815,0.997666955,0,0,0,0.999999881],"scale":1,"type":"tree_douglasfir_large_b2"}
{"ctxid":0,"pos":[2844.49097,-578.182434,-556.798828],"rotationMatrix":[-0.996690452,0.0812894627,0,-0.0812894627,-0.996690452,0,0,0,0.999999881],"scale":1,"type":"tree_douglasfir_large_b2"}
{"ctxid":0,"pos":[2855.1145,-591.868591,-556.690491],"rotationMatrix":[0.095881924,0.99539268,0,-0.99539268,0.095881924,0,0,0,0.999999881],"scale":1,"type":"tree_douglasfir_large_b2"}
{"ctxid":0,"pos":[2934.16895,-625.912415,-553.643738],"rotationMatrix":[0.130713508,-0.99142009,0,0.99142009,0.130713508,0,0,0,0.999999881],"scale":1,"type":"tree_douglasfir_large_b2"}
{"ctxid":0,"pos":[2902.84741,-544.392578,-556.255615],"rotationMatrix":[-0.715221167,0.698897898,0,-0.698897898,-0.715221167,0,0,0,0.999999881],"scale":1,"type":"tree_douglasfir_large_b2"}
{"ctxid":0,"pos":[2892.04443,-550.790161,-556.326904],"rotationMatrix":[-0.977676809,-0.210114419,0,0.210114419,-0.977676809,0,0,0,0.999999881],"scale":1,"type":"tree_douglasfir_large_b2"}
{"ctxid":0,"pos":[2920.83521,-562.010864,-555.707764],"rotationMatrix":[0.916122675,0.40089798,0,-0.40089798,0.916122675,0,0,0,0.999999881],"scale":1,"type":"tree_douglasfir_large_b2"}
{"ctxid":0,"pos":[2838.99927,-572.816956,-556.802734],"rotationMatrix":[-0.0509664267,-0.998700261,0,0.998700261,-0.0509664267,0,0,0,0.999999881],"scale":1,"type":"tree_douglasfir_large_b2"}
{"ctxid":0,"pos":[2836.62573,-591.73114,-556.879272],"rotationMatrix":[-0.661187053,0.750221014,0,-0.750221014,-0.661187053,0,0,0,0.999999881],"scale":1,"type":"tree_douglasfir_large_b2"}
{"ctxid":0,"pos":[2897.40015,-606.68927,-555.632019],"rotationMatrix":[0.999108255,0.0422207341,0,-0.0422207341,0.999108255,0,0,0,0.999999881],"scale":1,"type":"tree_douglasfir_large_b2"}
{"ctxid":0,"pos":[2921.69043,-625.926697,-554.281982],"rotationMatrix":[0.281373411,-0.959598243,0,0.959598243,0.281373411,0,0,0,0.999999881],"scale":1,"type":"tree_douglasfir_large_b2"}
{"ctxid":0,"pos":[2884.9187,-640.829895,-555.451904],"rotationMatrix":[0.999481261,0.0322017409,0,-0.0322017409,0.999481261,0,0,0,0.999999881],"scale":1,"type":"tree_douglasfir_large_b2"}
{"ctxid":0,"pos":[2900.14551,-659.173584,-554.528809],"rotationMatrix":[-0.379021704,0.925387681,0,-0.925387681,-0.379021704,0,0,0,0.999999881],"scale":1,"type":"tree_douglasfir_large_b2"}
{"ctxid":0,"pos":[2934.83691,-565.311462,-555.232544],"rotationMatrix":[-0.999724209,-0.0234805513,0,0.0234805513,-0.999724209,0,0,0,0.999999881],"scale":1,"type":"tree_douglasfir_large_b2"}
{"ctxid":0,"pos":[2947.30957,-600.214661,-553.768311],"rotationMatrix":[0.933823645,0.357733607,0,-0.357733607,0.933823645,0,0,0,0.999999881],"scale":1,"type":"tree_douglasfir_large_b2"}
{"ctxid":0,"pos":[2954.10522,-569.286255,-554.479492],"rotationMatrix":[0.686628819,0.727008164,0,-0.727008164,0.686628819,0,0,0,0.999999881],"scale":1,"type":"tree_douglasfir_large_b2"}
{"ctxid":0,"pos":[2929.12549,-571.067749,-555.291504],"rotationMatrix":[0.444960624,0.895550191,0,-0.895550191,0.444960624,0,0,0,0.999999881],"scale":1,"type":"tree_douglasfir_large_b2"}
{"ctxid":0,"pos":[2935.42603,-501.403229,-556.730713],"rotationMatrix":[0.71871835,-0.695301116,0,0.695301116,0.71871835,0,0,0,0.999999881],"scale":1,"type":"tree_douglasfir_large_b2"}
{"ctxid":0,"pos":[2999.78638,-591.28833,-551.777771],"rotationMatrix":[-0.21389614,0.976856291,0,-0.976856291,-0.21389614,0,0,0,0.999999881],"scale":1,"type":"tree_douglasfir_large_b2"}
{"ctxid":0,"pos":[2989.88843,-605.272705,-551.459473],"rotationMatrix":[-0.99981761,0.0190933924,0,-0.0190933924,-0.99981761,0,0,0,0.999999881],"scale":1,"type":"tree_douglasfir_large_b2"}
{"ctxid":0,"pos":[2982.33374,-569.423645,-553.550171],"rotationMatrix":[-0.112781204,0.99361974,0,-0.99361974,-0.112781204,0,0,0,0.999999881],"scale":1,"type":"tree_douglasfir_large_b2"}
{"ctxid":0,"pos":[2998.90649,-549.327026,-554.268066],"rotationMatrix":[0.840645075,0.541586399,0,-0.541586399,0.840645075,0,0,0,0.999999881],"scale":1,"type":"tree_douglasfir_large_b2"}
{"ctxid":0,"pos":[3004.60083,-547.947449,-554.304382],"rotationMatrix":[0.999699593,-0.0245053228,0,0.0245053228,0.999699593,0,0,0,0.999999881],"scale":1,"type":"tree_douglasfir_large_b2"}
{"ctxid":0,"pos":[3005.68628,-560.021912,-553.527466],"rotationMatrix":[-0.00989644229,-0.999950945,0,0.999950945,-0.00989644229,0,0,0,0.999999881],"scale":1,"type":"tree_douglasfir_large_b2"}
{"ctxid":0,"pos":[3008.3894,-547.339478,-554.311829],"rotationMatrix":[0.991038382,0.133576766,0,-0.133576766,0.991038382,0,0,0,0.999999881],"scale":1,"type":"tree_douglasfir_large_b2"}
{"ctxid":0,"pos":[3061.97559,-628.039246,-546.404846],"rotationMatrix":[0.687405944,0.726273358,0,-0.726273358,0.687405944,0,0,0,0.999999881],"scale":1,"type":"tree_douglasfir_large_b2"}
{"ctxid":0,"pos":[3043.53027,-641.038452,-546.13739],"rotationMatrix":[-0.89329052,-0.449479729,0,0.449479729,-0.89329052,0,0,0,0.999999881],"scale":1,"type":"tree_douglasfir_large_b2"}
{"ctxid":0,"pos":[3023.90625,-626.740173,-548.261353],"rotationMatrix":[-0.0893171653,0.996003091,0,-0.996003091,-0.0893171653,0,0,0,0.999999881],"scale":1,"type":"tree_douglasfir_large_b2"}
{"ctxid":0,"pos":[3029.62671,-636.934814,-547.22229],"rotationMatrix":[-0.855451882,-0.517882347,0,0.517882347,-0.855451882,0,0,0,0.999999881],"scale":1,"type":"tree_douglasfir_large_b2"}
{"ctxid":0,"pos":[3001.06982,-655.553406,-548.183838],"rotationMatrix":[0.87255162,0.488521814,0,-0.488521814,0.87255162,0,0,0,0.999999881],"scale":1,"type":"tree_douglasfir_large_b2"}
{"ctxid":0,"pos":[2928.18726,-659.528442,-553.033081],"rotationMatrix":[0.972881734,-0.231302872,0,0.231302872,0.972881734,0,0,0,0.999999881],"scale":1,"type":"tree_douglasfir_large_b2"}
