{"ctxid":0,"pos":[-2022.37,-3106.20996,-509.268005],"rotationMatrix":[-0.480920434,-0.876849532,0,0.876849532,-0.480920434,0,0,0,1],"scale":1,"type":"tree_aspen_bush_b"}
{"ctxid":0,"pos":[-2004.47998,-3147.51001,-513.254028],"rotationMatrix":[0.622071803,0.782981694,0,-0.782981694,0.622071803,0,0,0,1],"scale":1,"type":"tree_aspen_bush_b"}
{"ctxid":0,"pos":[-2050.30005,-3139.34009,-510.588989],"rotationMatrix":[0.0283819437,0.999637485,0,-0.999637485,0.0283819437,0,0,0,1],"scale":1,"type":"tree_aspen_bush_b"}
{"ctxid":0,"pos":[-2048.11011,-3142.26001,-510.841003],"rotationMatrix":[0.998689294,-0.0511846393,0,0.0511846393,0.998689294,0,0,0,1],"scale":1,"type":"tree_aspen_bush_b"}
{"ctxid":0,"pos":[-1848.51001,-3053.19995,-519.208008],"rotationMatrix":[0.249197483,0.968433619,0,-0.968433619,0.249197483,0,0,0,1],"scale":1,"type":"tree_aspen_bush_b"}
{"ctxid":0,"pos":[-1851.22998,-3029.15991,-518.742981],"rotationMatrix":[-0.984031916,-0.178084806,0,0.178084806,-0.984031916,0,0,0,1],"scale":1,"type":"tree_aspen_bush_b"}
{"ctxid":0,"pos":[-1858.15002,-3037.98999,-518.06897],"rotationMatrix":[-0.996801257,-0.081534721,0,0.081534721,-0.996801257,0,0,0,1],"scale":1,"type":"tree_aspen_bush_b"}
{"ctxid":0,"pos":[-1871.77002,-3066.63989,-517.304993],"rotationMatrix":[0.810395181,0.585872114,0,-0.585872114,0.810395181,0,0,0,1],"scale":1,"type":"tree_aspen_bush_b"}
{"ctxid":0,"pos":[-1845.78003,-3067.8501,-519.768982],"rotationMatrix":[-0.876759291,0.481250167,0,-0.481250167,-0.876759291,0,0,0,1],"scale":1,"type":"tree_aspen_bush_b"}
{"ctxid":0,"pos":[-1908.06006,-3033.69995,-511.967987],"rotationMatrix":[-0.968524814,0.248620272,0,-0.248620272,-0.968524814,0,0,0,1],"scale":1,"type":"tree_aspen_bush_b"}
{"ctxid":0,"pos":[-1898.10999,-3027.58008,-512.778015],"rotationMatrix":[0.923324704,-0.384002984,0,0.384002984,0.923324704,0,0,0,1],"scale":1,"type":"tree_aspen_bush_b"}
{"ctxid":0,"pos":[-1891.17004,-3094.3999,-516.539001],"rotationMatrix":[0.649213135,-0.760624588,0,0.760624588,0.649213135,0,0,0,1],"scale":1,"type":"tree_aspen_bush_b"}
{"ctxid":0,"pos":[-1922.71997,-3092.61011,-513.986023],"rotationMatrix":[-0.290581822,-0.956891,0,0.956891,-0.290581822,0,0,0,1],"scale":1,"type":"tree_aspen_bush_b"}
{"ctxid":0,"pos":[-1916.45996,-3106.83008,-515.224976],"rotationMatrix":[-0.83667779,-0.547380984,0,0.547380984,-0.83667779,0,0,0,1],"scale":1,"type":"tree_aspen_bush_b"}
{"ctxid":0,"pos":[-1897.76001,-3074.29004,-515.138977],"rotationMatrix":[0.978987515,-0.203913495,0,0.203913495,0.978987515,0,0,0,1],"scale":1,"type":"tree_aspen_bush_b"}
{"ctxid":0,"pos":[-1921.70996,-3072.05005,-512.926025],"rotationMatrix":[0.509157658,0.860707998,0,-0.860707998,0.509157658,0,0,0,1],"scale":1,"type":"tree_aspen_bush_b"}
{"ctxid":0,"pos":[-1931.96997,-3090.84009,-513.138],"rotationMatrix":[-0.945575356,-0.325084478,0,0.325084478,-0.945575356,0,0,0,1],"scale":1,"type":"tree_aspen_bush_b"}
{"ctxid":0,"pos":[-1919.97998,-3110.23999,-515.142029],"rotationMatrix":[0.731941581,-0.681385338,0,0.681385338,0.731941581,0,0,0,1],"scale":1,"type":"tree_aspen_bush_b"}
{"ctxid":0,"pos":[-1919.40002,-3114.93994,-515.432007],"rotationMatrix":[0.996989131,-0.0775379241,0,0.0775379241,0.996989131,0,0,0,1],"scale":1,"type":"tree_aspen_bush_b"}
{"ctxid":0,"pos":[-1898.62,-3096.23999,-516.028015],"rotationMatrix":[0.18463558,0.982779145,0,-0.982779145,0.18463558,0,0,0,1],"scale":1,"type":"tree_aspen_bush_b"}
{"ctxid":0,"pos":[-1966.15002,-3053.17993,-507.388],"rotationMatrix":[-0.553026915,-0.833262682,0,0.833262682,-0.553026915,0,0,0,1],"scale":1,"type":"tree_aspen_bush_b"}
{"ctxid":0,"pos":[-1946.32996,-3102.52002,-512.750977],"rotationMatrix":[-0.90788579,-0.41939497,0,0.41939497,-0.90788579,0,0,0,1],"scale":1,"type":"tree_aspen_bush_b"}
{"ctxid":0,"pos":[-1975.83997,-3086.25,-509.541992],"rotationMatrix":[0.997020066,0.0771459639,0,-0.0771459639,0.997020066,0,0,0,1],"scale":1,"type":"tree_aspen_bush_b"}
{"ctxid":0,"pos":[-1981.81995,-3067.62988,-507.69101],"rotationMatrix":[0.746812701,0.665061355,0,-0.665061355,0.746812701,0,0,0,1],"scale":1,"type":"tree_aspen_bush_b"}
{"ctxid":0,"pos":[-1963.19995,-3122.57007,-513.070984],"rotationMatrix":[0.999987483,-0.00499999989,0,0.00499999989,0.999987483,0,0,0,1],"scale":1,"type":"tree_aspen_bush_b"}
{"ctxid":0,"pos":[-1967.76001,-3097.19995,-510.868988],"rotationMatrix":[-0.340539455,-0.940195084,0,0.940195084,-0.340539455,0,0,0,1],"scale":1,"type":"tree_aspen_bush_b"}
{"ctxid":0,"pos":[-1970.79004,-3125.48999,-512.88501],"rotationMatrix":[-0.881024003,0.473262399,0,-0.473262399,-0.881024003,0,0,0,1],"scale":1,"type":"tree_aspen_bush_b"}
{"ctxid":0,"pos":[-1987.93994,-3145.65991,-513.874023],"rotationMatrix":[0.999401391,0.03459654,0,-0.03459654,0.999401391,0,0,0,1],"scale":1,"type":"tree_aspen_bush_b"}
{"ctxid":0,"pos":[-1975.31006,-3147.15991,-514.96698],"rotationMatrix":[-0.080450058,0.996659994,0,-0.996659994,-0.080450058,0,0,0,1],"scale":1,"type":"tree_aspen_bush_b"}
{"ctxid":0,"pos":[-1968.07996,-3137.5,-514.677979],"rotationMatrix":[-0.737993717,0.674539924,0,-0.674539924,-0.737993717,0,0,0,1],"scale":1,"type":"tree_aspen_bush_b"}
{"ctxid":0,"pos":[1723.71997,-3648.94995,-448.329987],"rotationMatrix":[-0.3714993,0.928465724,0,-0.928465724,-0.3714993,0,0,0,1],"scale":1,"type":"tree_aspen_bush_b"}
{"ctxid":0,"pos":[1714.19995,-3660.6001,-449.348999],"rotationMatrix":[0.452314258,-0.89191246,0,0.89191246,0.452314258,0,0,0,1],"scale":1,"type":"tree_aspen_bush_b"}
{"ctxid":0,"pos":[1710.13,-3658.41992,-447.681],"rotationMatrix":[0.0909087062,-0.995793402,0,0.995793402,0.0909087062,0,0,0,1],"scale":1,"type":"tree_aspen_bush_b"}
{"ctxid":0,"pos":[1717.54004,-3662.51001,-451.730988],"rotationMatrix":[0.61823678,-0.785983086,0,0.785983086,0.61823678,0,0,0,1],"scale":1,"type":"tree_aspen_bush_b"}
{"ctxid":0,"pos":[2789.51001,-2330.81006,-538.945007],"rotationMatrix":[-0.0579305887,-0.99829191,0,0.99829191,-0.0579305887,0,0,0,1],"scale":1,"type":"tree_aspen_bush_b"}
{"ctxid":0,"pos":[2777.23999,-2337.82007,-539.703003],"rotationMatrix":[-0.612448812,-0.790511131,0,0.790511131,-0.612448812,0,0,0,1],"scale":1,"type":"tree_aspen_bush_b"}
{"ctxid":0,"pos":[2774.25,-2332.48999,-539.742981],"rotationMatrix":[0.802305281,-0.596919835,0,0.596919835,0.802305281,0,0,0,1],"scale":1,"type":"tree_aspen_bush_b"}
{"ctxid":0,"pos":[2525.22998,-2314.31006,-428.484009],"rotationMatrix":[0.133808732,0.990966976,0,-0.990966976,0.133808732,0,0,0,1],"scale":1,"type":"tree_aspen_bush_b"}
{"ctxid":0,"pos":[2532.03003,-2308.52002,-426.832001],"rotationMatrix":[-0.388444424,0.92151916,0,-0.92151916,-0.388444424,0,0,0,1],"scale":1,"type":"tree_aspen_bush_b"}
{"ctxid":0,"pos":[2537.05005,-2321.1001,-433.613007],"rotationMatrix":[-0.857049823,0.515333235,0,-0.515333235,-0.857049823,0,0,0,1],"scale":1,"type":"tree_aspen_bush_b"}
{"ctxid":0,"pos":[2540.11011,-2304.71997,-426.048004],"rotationMatrix":[0.506975532,0.861923933,0,-0.861923933,0.506975532,0,0,0,1],"scale":1,"type":"tree_aspen_bush_b"}
{"ctxid":0,"pos":[2549.23999,-2306.84009,-428.854004],"rotationMatrix":[0.200899243,0.979628563,0,-0.979628563,0.200899243,0,0,0,1],"scale":1,"type":"tree_aspen_bush_b"}
{"ctxid":0,"pos":[2556.41992,-2300.16992,-426.118988],"rotationMatrix":[0.547228694,0.836932182,0,-0.836932182,0.547228694,0,0,0,1],"scale":1,"type":"tree_aspen_bush_b"}
{"ctxid":0,"pos":[2546.12988,-2313.34009,-432.113007],"rotationMatrix":[0.901076496,-0.433679998,0,0.433679998,0.901076496,0,0,0,1],"scale":1,"type":"tree_aspen_bush_b"}
{"ctxid":0,"pos":[2540.06006,-2308.30005,-428.118988],"rotationMatrix":[0.0146727562,-0.999926746,0,0.999926746,0.0146727562,0,0,0,1],"scale":1,"type":"tree_aspen_bush_b"}
{"ctxid":0,"pos":[2719.42993,-2419.88989,-494.742004],"rotationMatrix":[0.737912059,-0.67491281,0,0.67491281,0.737912059,0,0,0,1],"scale":1,"type":"tree_aspen_bush_b"}
{"ctxid":0,"pos":[2711.48999,-2425.32007,-489.601013],"rotationMatrix":[-0.0913553238,0.995915294,0,-0.995915294,-0.0913553238,0,0,0,1],"scale":1,"type":"tree_aspen_bush_b"}
{"ctxid":0,"pos":[2712.71997,-2424.93994,-489.785004],"rotationMatrix":[0.165367901,0.986312866,0,-0.986312866,0.165367901,0,0,0,1],"scale":1,"type":"tree_aspen_bush_b"}
{"ctxid":0,"pos":[2716.78003,-2425.16992,-489.279999],"rotationMatrix":[0.811747491,0.584024489,0,-0.584024489,0.811747491,0,0,0,1],"scale":1,"type":"tree_aspen_bush_b"}
{"ctxid":0,"pos":[2718.23999,-2421.40991,-493.192993],"rotationMatrix":[0.954518735,0.298161775,0,-0.298161775,0.954518735,0,0,0,1],"scale":1,"type":"tree_aspen_bush_b"}
{"ctxid":0,"pos":[2721.13989,-2413.62988,-500.053009],"rotationMatrix":[-0.508584499,-0.861204565,0,0.861204565,-0.508584499,0,0,0,1],"scale":1,"type":"tree_aspen_bush_b"}
{"ctxid":0,"pos":[2718.21997,-2415.02002,-497.701996],"rotationMatrix":[-0.0830975771,0.996555746,0,-0.996555746,-0.0830975771,0,0,0,1],"scale":1,"type":"tree_aspen_bush_b"}
{"ctxid":0,"pos":[2329.11011,-2304.02002,-348.196991],"rotationMatrix":[0.553676486,-0.832746744,0,0.832746744,0.553676486,0,0,0,1],"scale":1,"type":"tree_aspen_bush_b"}
{"ctxid":0,"pos":[2427.58008,-2420.47998,-366.938995],"rotationMatrix":[-0.998800278,0.0493851826,0,-0.0493851826,-0.998800278,0,0,0,1],"scale":1,"type":"tree_aspen_bush_b"}
{"ctxid":0,"pos":[2398.56006,-2283.38989,-386.834015],"rotationMatrix":[-0.987220526,-0.159487993,0,0.159487993,-0.987220526,0,0,0,1],"scale":1,"type":"tree_aspen_bush_b"}
{"ctxid":0,"pos":[2407.30005,-2296.75,-392.368011],"rotationMatrix":[0.999925554,0.0121999998,0,-0.0121999998,0.999925554,0,0,0,1],"scale":1,"type":"tree_aspen_bush_b"}
{"ctxid":0,"pos":[2396.20996,-2288.46997,-386.915985],"rotationMatrix":[0.64753592,0.762020946,0,-0.762020946,0.64753592,0,0,0,1],"scale":1,"type":"tree_aspen_bush_b"}
{"ctxid":0,"pos":[2394.58008,-2281.25,-385.019989],"rotationMatrix":[0.673244715,-0.739443421,0,0.739443421,0.673244715,0,0,0,1],"scale":1,"type":"tree_aspen_bush_b"}
{"ctxid":0,"pos":[2437.07007,-2279.34009,-393.640991],"rotationMatrix":[0.796605587,-0.604506791,0,0.604506791,0.796605587,0,0,0,1],"scale":1,"type":"tree_aspen_bush_b"}
{"ctxid":0,"pos":[2433.73999,-2284.17993,-395.770996],"rotationMatrix":[0.817592025,-0.575793147,0,0.575793147,0.817592025,0,0,0,1],"scale":1,"type":"tree_aspen_bush_b"}
{"ctxid":0,"pos":[2428.53003,-2277.19995,-390.777008],"rotationMatrix":[0.891048908,0.453916341,0,-0.453916341,0.891048908,0,0,0,1],"scale":1,"type":"tree_aspen_bush_b"}
{"ctxid":0,"pos":[2427.87012,-2290.51001,-397.377014],"rotationMatrix":[0.981491148,0.191514954,0,-0.191514954,0.981491148,0,0,0,1],"scale":1,"type":"tree_aspen_bush_b"}
{"ctxid":0,"pos":[2428.51001,-2269.12012,-385.989014],"rotationMatrix":[0.93058461,-0.366079509,0,0.366079509,0.93058461,0,0,0,1],"scale":1,"type":"tree_aspen_bush_b"}
{"ctxid":0,"pos":[2430.36011,-2282.15991,-393.936005],"rotationMatrix":[0.458367705,-0.888739109,0,0.888739109,0.458367705,0,0,0,1],"scale":1,"type":"tree_aspen_bush_b"}
{"ctxid":0,"pos":[2855.91528,-2389.44751,-537.735962],"rotationMatrix":[-0.515269637,0.857028127,0,-0.857028127,-0.515269637,0,0,0,1],"scale":1,"type":"tree_aspen_bush_b"}
{"ctxid":0,"pos":[2844.91406,-2422.91553,-537.408081],"rotationMatrix":[-0.745994925,-0.66595161,0,0.66595161,-0.745994925,0,0,0,1],"scale":1,"type":"tree_aspen_bush_b"}
{"ctxid":0,"pos":[2844.44141,-2425.11938,-537.367554],"rotationMatrix":[0.779675782,0.626183391,0,-0.626183391,0.779675782,0,0,0,1],"scale":1,"type":"tree_aspen_bush_b"}
{"ctxid":0,"pos":[2809.04736,-2552.72632,-524.875],"rotationMatrix":[0.523344994,0.852120876,0,-0.852120876,0.523344994,0,0,0,1],"scale":1,"type":"tree_aspen_bush_b"}
{"ctxid":0,"pos":[2808.51416,-2550.55322,-524.914368],"rotationMatrix":[0.32991913,0.944009185,0,-0.944009185,0.32991913,0,0,0,1],"scale":1,"type":"tree_aspen_bush_b"}
{"ctxid":0,"pos":[2791.39697,-2573.78857,-522.812134],"rotationMatrix":[0.23456049,-0.97210151,0,0.97210151,0.23456049,0,0,0,1],"scale":1,"type":"tree_aspen_bush_b"}
{"ctxid":0,"pos":[2798.37231,-2562.00977,-523.993347],"rotationMatrix":[0.124291509,0.992245734,0,-0.992245734,0.124291509,0,0,0,1],"scale":1,"type":"tree_aspen_bush_b"}
{"ctxid":0,"pos":[2798.2124,-2560.2334,-523.860352],"rotationMatrix":[-0.875220656,0.483723938,0,-0.483723938,-0.875220656,0,0,0,1],"scale":1,"type":"tree_aspen_bush_b"}
{"ctxid":0,"pos":[2733.32056,-2617.33081,-515.464539],"rotationMatrix":[-0.133950263,0.990988076,0,-0.990988076,-0.133950263,0,0,0,1],"scale":1,"type":"tree_aspen_bush_b"}
{"ctxid":0,"pos":[2733.6145,-2618.39575,-515.089783],"rotationMatrix":[0.954733491,0.297462493,0,-0.297462493,0.954733491,0,0,0,1],"scale":1,"type":"tree_aspen_bush_b"}
{"ctxid":0,"pos":[2745.14478,-2615.41943,-520.686768],"rotationMatrix":[0.212644547,0.977129638,0,-0.977129638,0.212644547,0,0,0,1],"scale":1.5737685,"type":"tree_aspen_bush_b"}
{"ctxid":0,"pos":[2741.74268,-2613.62305,-517.42218],"rotationMatrix":[-0.530052006,-0.847965181,0,0.847965181,-0.530052006,0,0,0,1],"scale":1.24480045,"type":"tree_aspen_bush_b"}
{"ctxid":0,"pos":[2738.10962,-2614.14795,-517.183472],"rotationMatrix":[0.806611836,-0.5910815,0,0.5910815,0.806611836,0,0,0,1],"scale":1.67031026,"type":"tree_aspen_bush_b"}
{"ctxid":0,"pos":[2597.68628,-2676.5271,-497.117737],"rotationMatrix":[0.384214222,-0.923243999,0,0.923243999,0.384214222,0,0,0,1],"scale":1.79237473,"type":"tree_aspen_bush_b"}
{"ctxid":0,"pos":[2610.16455,-2674.71924,-498.937012],"rotationMatrix":[-0.0856051371,0.996329129,0,-0.996329129,-0.0856051371,0,0,0,1],"scale":1.63519776,"type":"tree_aspen_bush_b"}
{"ctxid":0,"pos":[2607.90869,-2695.41577,-500.260468],"rotationMatrix":[0.0646804124,-0.997906029,0,0.997906029,0.0646804124,0,0,0,1],"scale":1.46906114,"type":"tree_aspen_bush_b"}
{"ctxid":0,"pos":[2535.68311,-2726.71484,-494.591705],"rotationMatrix":[-0.992184937,-0.124775894,0,0.124775894,-0.992184937,0,0,0,1],"scale":1.38199353,"type":"tree_aspen_bush_b"}
{"ctxid":0,"pos":[2538.26001,-2736.25122,-497.670197],"rotationMatrix":[0.798099458,0.602525771,0,-0.602525771,0.798099458,0,0,0,1],"scale":1.96630192,"type":"tree_aspen_bush_b"}
{"ctxid":0,"pos":[2535.95044,-2715.28857,-489.909119],"rotationMatrix":[0.986153543,0.16583468,0,-0.16583468,0.986153543,0,0,0,1],"scale":1.90078044,"type":"tree_aspen_bush_b"}
{"ctxid":0,"pos":[2662.90137,-2667.80127,-505.74295],"rotationMatrix":[-0.236775488,0.971564412,0,-0.971564412,-0.236775488,0,0,0,1],"scale":1.19915426,"type":"tree_aspen_bush_b"}
{"ctxid":0,"pos":[2605.78174,-2699.26196,-501.873627],"rotationMatrix":[-0.264841169,0.964292049,0,-0.964292049,-0.264841169,0,0,0,1],"scale":1.97746658,"type":"tree_aspen_bush_b"}
{"ctxid":0,"pos":[2560.89209,-2759.94238,-502.826721],"rotationMatrix":[0.962852478,-0.270027936,0,0.270027936,0.962852478,0,0,0,1],"scale":1.94012117,"type":"tree_aspen_bush_b"}
{"ctxid":0,"pos":[2564.14966,-2902.92676,-511.260864],"rotationMatrix":[0.465274632,-0.885166347,0,0.885166347,0.465274632,0,0,0,1],"scale":1.63166595,"type":"tree_aspen_bush_b"}
{"ctxid":0,"pos":[2323.64331,-2975.95117,-515.679382],"rotationMatrix":[0.990677774,0.136225969,0,-0.136225969,0.990677774,0,0,0,1],"scale":1.81541729,"type":"tree_aspen_bush_b"}
{"ctxid":0,"pos":[2334.0376,-2974.72388,-517.528076],"rotationMatrix":[-0.752617836,0.658457577,0,-0.658457577,-0.752617836,0,0,0,1],"scale":1.38078427,"type":"tree_aspen_bush_b"}
{"ctxid":0,"pos":[2353.4541,-2979.29663,-519.618652],"rotationMatrix":[0.14237681,-0.989812553,0,0.989812553,0.14237681,0,0,0,1],"scale":1.10313296,"type":"tree_aspen_bush_b"}
{"ctxid":0,"pos":[2377.56152,-2960.16992,-515.010803],"rotationMatrix":[0.950048923,0.312100917,0,-0.312100917,0.950048923,0,0,0,1],"scale":1.26429868,"type":"tree_aspen_bush_b"}
{"ctxid":0,"pos":[2374.9353,-2957.52515,-512.149597],"rotationMatrix":[-0.86037451,-0.50966239,0,0.50966239,-0.86037451,0,0,0,1],"scale":1.8435483,"type":"tree_aspen_bush_b"}
{"ctxid":0,"pos":[2240.71899,-2968.89355,-511.750793],"rotationMatrix":[-0.611107111,-0.791547954,0,0.791547954,-0.611107111,0,0,0,1],"scale":1.47469187,"type":"tree_aspen_bush_b"}
{"ctxid":0,"pos":[2154.29199,-2987.41235,-520.556763],"rotationMatrix":[0.148658365,0.988888621,0,-0.988888621,0.148658365,0,0,0,1],"scale":1.89933872,"type":"tree_aspen_bush_b"}
{"ctxid":0,"pos":[2170.46509,-3049.86279,-522.666138],"rotationMatrix":[-0.332278311,-0.943181396,0,0.943181396,-0.332278311,0,0,0,1],"scale":1.52253771,"type":"tree_aspen_bush_b"}
{"ctxid":0,"pos":[2172.71191,-3031.65991,-522.213989],"rotationMatrix":[0.909495115,0.415714622,0,-0.415714622,0.909495115,0,0,0,1],"scale":1.05692041,"type":"tree_aspen_bush_b"}
{"ctxid":0,"pos":[2125.44653,-3145.37744,-517.586182],"rotationMatrix":[-0.34486112,0.938653708,0,-0.938653708,-0.34486112,0,0,0,1],"scale":1.47291088,"type":"tree_aspen_bush_b"}
{"ctxid":0,"pos":[2101.62207,-3260.75806,-511.859192],"rotationMatrix":[0.466947407,0.884285092,0,-0.884285092,0.466947407,0,0,0,1],"scale":1.7857058,"type":"tree_aspen_bush_b"}
{"ctxid":0,"pos":[2096.58301,-3254.8728,-511.116119],"rotationMatrix":[0.990020633,-0.140922651,0,0.140922651,0.990020633,0,0,0,1],"scale":1.86967206,"type":"tree_aspen_bush_b"}
{"ctxid":0,"pos":[1597.74756,-3365.9624,-410.120422],"rotationMatrix":[0.996504009,-0.0835452154,0,0.0835452154,0.996504009,0,0,0,1],"scale":1.21517253,"type":"tree_aspen_bush_b"}
{"ctxid":0,"pos":[1508.90051,-3423.65845,-400.282898],"rotationMatrix":[-0.984531343,0.175208703,0,-0.175208703,-0.984531343,0,0,0,1],"scale":1.44796753,"type":"tree_aspen_bush_b"}
{"ctxid":0,"pos":[1482.48413,-3463.22656,-400.43396],"rotationMatrix":[-0.561417997,-0.827532351,0,0.827532351,-0.561417997,0,0,0,1],"scale":1.19653511,"type":"tree_aspen_bush_b"}
{"ctxid":0,"pos":[1426.88599,-3543.04395,-400.485352],"rotationMatrix":[0.933249176,-0.359229773,0,0.359229773,0.933249176,0,0,0,1],"scale":1.9800179,"type":"tree_aspen_bush_b"}
{"ctxid":0,"pos":[1419.43127,-3544.91553,-400.6521],"rotationMatrix":[-0.967058003,0.254556119,0,-0.254556119,-0.967058003,0,0,0,1],"scale":1.26366186,"type":"tree_aspen_bush_b"}
{"ctxid":0,"pos":[1421.85706,-3544.62793,-400.567566],"rotationMatrix":[-0.986570537,0.163335815,0,-0.163335815,-0.986570537,0,0,0,1],"scale":1.19497359,"type":"tree_aspen_bush_b"}
{"ctxid":0,"pos":[1423.73804,-3533.31543,-400.517822],"rotationMatrix":[0.852584302,0.522589684,0,-0.522589684,0.852584302,0,0,0,1],"scale":1.43567884,"type":"tree_aspen_bush_b"}
{"ctxid":0,"pos":[1150.82874,-3963.21973,-433.478455],"rotationMatrix":[-0.489706218,-0.871887505,0,0.871887505,-0.489706218,0,0,0,1],"scale":1.02773821,"type":"tree_aspen_bush_b"}
{"ctxid":0,"pos":[1199.7334,829.9021,-560.118713],"rotationMatrix":[-0.54965055,0.835394681,0,-0.835394681,-0.54965055,0,0,0,1],"scale":1.36837053,"type":"tree_aspen_bush_b"}
{"ctxid":0,"pos":[1172.07471,810.688416,-559.331909],"rotationMatrix":[0.983003318,-0.183587834,0,0.183587834,0.983003318,0,0,0,1],"scale":1.31587481,"type":"tree_aspen_bush_b"}
{"ctxid":0,"pos":[1178.46448,802.698425,-559.578857],"rotationMatrix":[0.175713569,-0.98444134,0,0.98444134,0.175713569,0,0,0,1],"scale":1.19688189,"type":"tree_aspen_bush_b"}
{"ctxid":0,"pos":[5525.82764,2657.73193,5.37266445],"rotationMatrix":[0.29958114,0.954070807,0,-0.954070807,0.29958114,0,0,0,1],"scale":1.25876141,"type":"tree_aspen_bush_b"}
{"ctxid":0,"pos":[5537.60498,2627.71899,14.0610886],"rotationMatrix":[-0.628687143,-0.777658343,0,0.777658343,-0.628687143,0,0,0,1],"scale":1.10460532,"type":"tree_aspen_bush_b"}
{"ctxid":0,"pos":[5521.94385,2637.60303,-1.58070803],"rotationMatrix":[-0.539234698,0.842155516,0,-0.842155516,-0.539234698,0,0,0,1],"scale":1.46810341,"type":"tree_aspen_bush_b"}
{"ctxid":0,"pos":[5526.45264,2637.46606,2.10941792],"rotationMatrix":[0.352223039,0.935916066,0,-0.935916066,0.352223039,0,0,0,1],"scale":1.77515078,"type":"tree_aspen_bush_b"}
{"ctxid":0,"pos":[5524.9165,2637.16504,0.939740658],"rotationMatrix":[-0.790432811,0.612548769,0,-0.612548769,-0.790432811,0,0,0,1],"scale":1.735309,"type":"tree_aspen_bush_b"}
{"ctxid":0,"pos":[5530.83447,2659.58569,6.52275133],"rotationMatrix":[-0.854938507,0.518729329,0,-0.518729329,-0.854938507,0,0,0,1],"scale":1.63334584,"type":"tree_aspen_bush_b"}
{"ctxid":0,"pos":[5549.5,2646.25684,20.5482731],"rotationMatrix":[0.18380259,0.982963204,0,-0.982963204,0.18380259,0,0,0,1],"scale":1.63419724,"type":"tree_aspen_bush_b"}
{"ctxid":0,"pos":[5539.32617,2651.18726,10.7148314],"rotationMatrix":[-0.920520842,-0.390693396,0,0.390693396,-0.920520842,0,0,0,1],"scale":1.434062,"type":"tree_aspen_bush_b"}
{"ctxid":0,"pos":[5543.61621,2654.18823,12.4940062],"rotationMatrix":[0.989715517,0.143049687,0,-0.143049687,0.989715517,0,0,0,1],"scale":1.49750686,"type":"tree_aspen_bush_b"}
{"ctxid":0,"pos":[5532.09375,2636.3125,7.20378113],"rotationMatrix":[0.890274286,0.455424696,0,-0.455424696,0.890274286,0,0,0,1],"scale":1.27188611,"type":"tree_aspen_bush_b"}
{"ctxid":0,"pos":[5532.19189,2645.75659,6.04081631],"rotationMatrix":[0.647695959,0.761898875,0,-0.761898875,0.647695959,0,0,0,1],"scale":1.51337004,"type":"tree_aspen_bush_b"}
{"ctxid":0,"pos":[5540.57764,2633.2644,15.6386633],"rotationMatrix":[0.611308098,0.791392684,0,-0.791392684,0.611308098,0,0,0,1],"scale":1.26008749,"type":"tree_aspen_bush_b"}
{"ctxid":0,"pos":[5537.47607,2649.48413,9.78685188],"rotationMatrix":[0.994939566,0.100475065,0,-0.100475065,0.994939566,0,0,0,1],"scale":1.86707091,"type":"tree_aspen_bush_b"}
{"ctxid":0,"pos":[5534.19043,2628.89819,10.9645281],"rotationMatrix":[-0.820113897,0.572200298,0,-0.572200298,-0.820113897,0,0,0,1],"scale":1.68260264,"type":"tree_aspen_bush_b"}
{"ctxid":0,"pos":[5530.37939,2655.6272,5.13297987],"rotationMatrix":[0.602997303,0.797743201,0,-0.797743201,0.602997303,0,0,0,1],"scale":1.18396258,"type":"tree_aspen_bush_b"}
{"ctxid":0,"pos":[5448.74707,2584.35986,-24.8348389],"rotationMatrix":[0.998281121,0.0586067028,0,-0.0586067028,0.998281121,0,0,0,1],"scale":1.29338217,"type":"tree_aspen_bush_b"}
{"ctxid":0,"pos":[5422.7334,2603.53247,-33.2582474],"rotationMatrix":[0.889919639,0.456117362,0,-0.456117362,0.889919639,0,0,0,1],"scale":1.46564114,"type":"tree_aspen_bush_b"}
{"ctxid":0,"pos":[5423.36328,2594.65576,-32.7843666],"rotationMatrix":[-0.580515027,-0.814249516,0,0.814249516,-0.580515027,0,0,0,1],"scale":1.22991455,"type":"tree_aspen_bush_b"}
{"ctxid":0,"pos":[5455.35303,2593.08374,-25.7747192],"rotationMatrix":[0.27943933,-0.960163355,0,0.960163355,0.27943933,0,0,0,1],"scale":1.77895093,"type":"tree_aspen_bush_b"}
{"ctxid":0,"pos":[5434.96973,2606.51514,-28.1112709],"rotationMatrix":[0.375993013,-0.92662251,0,0.92662251,0.375993013,0,0,0,1],"scale":1.33622122,"type":"tree_aspen_bush_b"}
{"ctxid":0,"pos":[5439.32373,2598.01953,-30.5016518],"rotationMatrix":[0.224729583,0.974421144,0,-0.974421144,0.224729583,0,0,0,1],"scale":1.59532905,"type":"tree_aspen_bush_b"}
{"ctxid":0,"pos":[5451.57422,2614.15747,-21.218565],"rotationMatrix":[-0.408846706,-0.91260308,0,0.91260308,-0.408846706,0,0,0,1],"scale":1.82755899,"type":"tree_aspen_bush_b"}
{"ctxid":0,"pos":[5431.12012,2608.45605,-29.3613319],"rotationMatrix":[0.630432546,0.776244044,0,-0.776244044,0.630432546,0,0,0,1],"scale":1.14946461,"type":"tree_aspen_bush_b"}
{"ctxid":0,"pos":[5395.66602,2488.81616,0.0994958878],"rotationMatrix":[0.288109362,-0.957597494,0,0.957597494,0.288109362,0,0,0,1],"scale":1.42521882,"type":"tree_aspen_bush_b"}
{"ctxid":0,"pos":[5398.56934,2498.76733,-5.84660339],"rotationMatrix":[0.871219516,0.490893662,0,-0.490893662,0.871219516,0,0,0,1],"scale":1.61045778,"type":"tree_aspen_bush_b"}
{"ctxid":0,"pos":[5400.53223,2498.26367,-4.58757114],"rotationMatrix":[-0.41941756,0.907793403,0,-0.907793403,-0.41941756,0,0,0,1],"scale":1.23990464,"type":"tree_aspen_bush_b"}
{"ctxid":0,"pos":[5402.72217,2489.9043,2.2785697],"rotationMatrix":[0.506421506,0.862286031,0,-0.862286031,0.506421506,0,0,0,1],"scale":1.73393476,"type":"tree_aspen_bush_b"}
{"ctxid":0,"pos":[5402.70947,2494.3833,-0.851920128],"rotationMatrix":[0.71728766,-0.696777165,0,0.696777165,0.71728766,0,0,0,1],"scale":1.29717612,"type":"tree_aspen_bush_b"}
{"ctxid":0,"pos":[5399.28857,2493.33691,-1.59514284],"rotationMatrix":[0.178283915,0.983979106,0,-0.983979106,0.178283915,0,0,0,1],"scale":1.94372094,"type":"tree_aspen_bush_b"}
{"ctxid":0,"pos":[5392.84814,2502.83472,-11.4158125],"rotationMatrix":[-0.898397148,-0.43918395,0,0.43918395,-0.898397148,0,0,0,1],"scale":1.33629537,"type":"tree_aspen_bush_b"}
{"ctxid":0,"pos":[5410.2793,2502.46582,-3.36125469],"rotationMatrix":[0.145134553,0.98941195,0,-0.98941195,0.145134553,0,0,0,1],"scale":1.77685952,"type":"tree_aspen_bush_b"}
{"ctxid":0,"pos":[5390.58008,2473.83887,9.51330376],"rotationMatrix":[-0.820151925,-0.57214576,0,0.57214576,-0.820151925,0,0,0,1],"scale":1.83936059,"type":"tree_aspen_bush_b"}
{"ctxid":0,"pos":[5398.72217,2481.32935,6.89685154],"rotationMatrix":[-0.903814197,-0.42792508,0,0.42792508,-0.903814197,0,0,0,1],"scale":1.38493133,"type":"tree_aspen_bush_b"}
{"ctxid":0,"pos":[5408.80322,2518.78906,-14.7716541],"rotationMatrix":[-0.892579794,0.450889468,0,-0.450889468,-0.892579794,0,0,0,1],"scale":1.83354139,"type":"tree_aspen_bush_b"}
{"ctxid":0,"pos":[5418.42969,2496.06812,4.65212345],"rotationMatrix":[0.505477965,0.86283952,0,-0.86283952,0.505477965,0,0,0,1],"scale":1.88655329,"type":"tree_aspen_bush_b"}
{"ctxid":0,"pos":[5430.20264,2498.34937,8.30294323],"rotationMatrix":[0.925222278,-0.379425496,0,0.379425496,0.925222278,0,0,0,1],"scale":1.75292337,"type":"tree_aspen_bush_b"}
{"ctxid":0,"pos":[5409.98193,2519.47559,-14.7549934],"rotationMatrix":[0.435080439,0.900391579,0,-0.900391579,0.435080439,0,0,0,1],"scale":1.29192877,"type":"tree_aspen_bush_b"}
{"ctxid":0,"pos":[5418.51318,2514.33569,-7.7401576],"rotationMatrix":[1,-0.000104777122,0,0.000104777122,1,0,0,0,1],"scale":1.94366241,"type":"tree_aspen_bush_b"}
{"ctxid":0,"pos":[5425.74805,2497.58398,6.66091299],"rotationMatrix":[0.450492263,0.892780364,0,-0.892780364,0.450492263,0,0,0,1],"scale":1.1474216,"type":"tree_aspen_bush_b"}
{"ctxid":0,"pos":[5407.42432,2502.67896,-4.77476215],"rotationMatrix":[0.244757101,0.969584405,0,-0.969584405,0.244757101,0,0,0,1],"scale":1.68885803,"type":"tree_aspen_bush_b"}
{"ctxid":0,"pos":[5417.91455,2503.66992,-0.958659172],"rotationMatrix":[-0.142711043,-0.989764392,0,0.989764392,-0.142711043,0,0,0,1],"scale":1.4594655,"type":"tree_aspen_bush_b"}
{"ctxid":0,"pos":[5421.66406,2526.80835,-15.1957893],"rotationMatrix":[-0.379790425,0.925072551,0,-0.925072551,-0.379790425,0,0,0,1],"scale":1.53043079,"type":"tree_aspen_bush_b"}
{"ctxid":0,"pos":[5419.17432,2519.37598,-10.9609852],"rotationMatrix":[0.17555438,0.984469712,0,-0.984469712,0.17555438,0,0,0,1],"scale":1.19452596,"type":"tree_aspen_bush_b"}
{"ctxid":0,"pos":[5346.26123,2564.02783,-53.4636307],"rotationMatrix":[-0.974233031,0.225543857,0,-0.225543857,-0.974233031,0,0,0,1],"scale":1.14897299,"type":"tree_aspen_bush_b"}
{"ctxid":0,"pos":[5368.26318,2555.32129,-46.8767853],"rotationMatrix":[-0.970451355,0.241296902,0,-0.241296902,-0.970451355,0,0,0,1],"scale":1.84620738,"type":"tree_aspen_bush_b"}
{"ctxid":0,"pos":[5375.86621,2571.63135,-42.4095039],"rotationMatrix":[-0.106759354,-0.994284868,0,0.994284868,-0.106759354,0,0,0,1],"scale":1.45059705,"type":"tree_aspen_bush_b"}
{"ctxid":0,"pos":[5365.91162,2579.18384,-56.7657509],"rotationMatrix":[-0.206565171,0.978432834,0,-0.978432834,-0.206565171,0,0,0,1],"scale":1.39481902,"type":"tree_aspen_bush_b"}
{"ctxid":0,"pos":[5357.73047,2565.57275,-50.4253006],"rotationMatrix":[-0.998081744,-0.0619100258,0,0.0619100258,-0.998081744,0,0,0,1],"scale":1.45951581,"type":"tree_aspen_bush_b"}
{"ctxid":0,"pos":[5372.96973,2573.74927,-44.5019684],"rotationMatrix":[0.932125747,0.362134814,0,-0.362134814,0.932125747,0,0,0,1],"scale":1.99736249,"type":"tree_aspen_bush_b"}
{"ctxid":0,"pos":[5364.95654,2583.69971,-62.5169945],"rotationMatrix":[-0.96502769,-0.262147874,0,0.262147874,-0.96502769,0,0,0,1],"scale":1.42662859,"type":"tree_aspen_bush_b"}
{"ctxid":0,"pos":[5365.7959,2563.7749,-46.855545],"rotationMatrix":[0.862164736,-0.506627977,0,0.506627977,0.862164736,0,0,0,1],"scale":1.4598527,"type":"tree_aspen_bush_b"}
{"ctxid":0,"pos":[5374.07031,2568.14941,-42.4171944],"rotationMatrix":[0.778513849,0.627627432,0,-0.627627432,0.778513849,0,0,0,1],"scale":1.55723536,"type":"tree_aspen_bush_b"}
{"ctxid":0,"pos":[5374.68701,2559.81055,-44.0179024],"rotationMatrix":[0.867255926,-0.497862607,0,0.497862607,0.867255926,0,0,0,1],"scale":1.03100598,"type":"tree_aspen_bush_b"}
{"ctxid":0,"pos":[5367.38428,2563.51392,-46.1275787],"rotationMatrix":[-0.104201168,-0.994556248,0,0.994556248,-0.104201168,0,0,0,1],"scale":1.64963424,"type":"tree_aspen_bush_b"}
{"ctxid":0,"pos":[5358.65332,2560.36353,-49.5057487],"rotationMatrix":[-0.765679181,0.64322269,0,-0.64322269,-0.765679181,0,0,0,1],"scale":1.26531506,"type":"tree_aspen_bush_b"}
{"ctxid":0,"pos":[5290.14111,2899.18506,-216.14267],"rotationMatrix":[-0.591832459,0.80606097,0,-0.80606097,-0.591832459,0,0,0,1],"scale":1.71425581,"type":"tree_aspen_bush_b"}
{"ctxid":0,"pos":[5307.76562,2903.66699,-215.092285],"rotationMatrix":[-0.998081267,0.0619178154,0,-0.0619178154,-0.998081267,0,0,0,1],"scale":1.34533882,"type":"tree_aspen_bush_b"}
{"ctxid":0,"pos":[5306.6748,2918.12402,-214.950958],"rotationMatrix":[-0.917966604,0.396657705,0,-0.396657705,-0.917966604,0,0,0,1],"scale":1.43198776,"type":"tree_aspen_bush_b"}
{"ctxid":0,"pos":[5266.81836,2933.07593,-210.109924],"rotationMatrix":[-0.186342388,0.982484877,0,-0.982484877,-0.186342388,0,0,0,1],"scale":1.60791659,"type":"tree_aspen_bush_b"}
{"ctxid":0,"pos":[5262.44922,2906.99316,-215.928406],"rotationMatrix":[-0.0918636248,0.995771587,0,-0.995771587,-0.0918636248,0,0,0,1],"scale":1.69000077,"type":"tree_aspen_bush_b"}
{"ctxid":0,"pos":[5270.01953,2918.52686,-214.14328],"rotationMatrix":[0.985100567,-0.171979204,0,0.171979204,0.985100567,0,0,0,1],"scale":1.08777213,"type":"tree_aspen_bush_b"}
{"ctxid":0,"pos":[5257.74902,2923.97168,-214.562714],"rotationMatrix":[0.338602126,0.940929651,0,-0.940929651,0.338602126,0,0,0,1],"scale":1.70588613,"type":"tree_aspen_bush_b"}
{"ctxid":0,"pos":[5259.95654,2921.06445,-214.936798],"rotationMatrix":[0.446237773,-0.894914448,0,0.894914448,0.446237773,0,0,0,1],"scale":1.76360095,"type":"tree_aspen_bush_b"}
{"ctxid":0,"pos":[4878.70459,2863.54541,-228.691803],"rotationMatrix":[-0.217868283,0.975978196,0,-0.975978196,-0.217868283,0,0,0,1],"scale":1.8668915,"type":"tree_aspen_bush_b"}
{"ctxid":0,"pos":[4892.34668,2859.50073,-230.28363],"rotationMatrix":[0.767126799,-0.641495466,0,0.641495466,0.767126799,0,0,0,1],"scale":1.76334894,"type":"tree_aspen_bush_b"}
{"ctxid":0,"pos":[4875.40039,2858.10522,-228.387115],"rotationMatrix":[0.881226599,-0.472694069,0,0.472694069,0.881226599,0,0,0,1],"scale":1.05418646,"type":"tree_aspen_bush_b"}
{"ctxid":0,"pos":[4888.29102,2863.01025,-229.70636],"rotationMatrix":[0.168111295,0.98576802,0,-0.98576802,0.168111295,0,0,0,1],"scale":1.16356134,"type":"tree_aspen_bush_b"}
{"ctxid":0,"pos":[4896.62598,2866.86743,-230.942566],"rotationMatrix":[0.64337343,-0.765552521,0,0.765552521,0.64337343,0,0,0,1],"scale":1.48485911,"type":"tree_aspen_bush_b"}
{"ctxid":0,"pos":[4908.62305,2854.29614,-234.602142],"rotationMatrix":[0.123266093,-0.992373645,0,0.992373645,0.123266093,0,0,0,1],"scale":1.20114112,"type":"tree_aspen_bush_b"}
{"ctxid":0,"pos":[4887.44824,2786.03027,-233.683136],"rotationMatrix":[0.211938143,0.977283061,0,-0.977283061,0.211938143,0,0,0,1],"scale":1.19914532,"type":"tree_aspen_bush_b"}
{"ctxid":0,"pos":[4864.94824,2802.81763,-230.073669],"rotationMatrix":[0.972055614,-0.234750569,0,0.234750569,0.972055614,0,0,0,1],"scale":1.49811983,"type":"tree_aspen_bush_b"}
{"ctxid":0,"pos":[4869.0083,2802.9624,-230.334045],"rotationMatrix":[-0.121294536,0.992616534,0,-0.992616534,-0.121294536,0,0,0,1],"scale":1.42297602,"type":"tree_aspen_bush_b"}
{"ctxid":0,"pos":[4888.07422,2790.41748,-233.515381],"rotationMatrix":[-0.626976013,-0.779038608,0,0.779038608,-0.626976013,0,0,0,1],"scale":1.66724885,"type":"tree_aspen_bush_b"}
{"ctxid":0,"pos":[4890.12598,2785.63403,-234.296448],"rotationMatrix":[0.998680294,0.0513578542,0,-0.0513578542,0.998680294,0,0,0,1],"scale":1.09048581,"type":"tree_aspen_bush_b"}
{"ctxid":0,"pos":[4875.58545,2806.5459,-230.543701],"rotationMatrix":[-0.847370267,-0.531002462,0,0.531002462,-0.847370267,0,0,0,1],"scale":1.79066682,"type":"tree_aspen_bush_b"}
{"ctxid":0,"pos":[4882.30029,2785.57715,-232.683075],"rotationMatrix":[-0.999066949,0.0431878604,0,-0.0431878604,-0.999066949,0,0,0,1],"scale":1.63769317,"type":"tree_aspen_bush_b"}
{"ctxid":0,"pos":[4894.63281,2799.51733,-234.610413],"rotationMatrix":[-0.999477744,-0.0323145464,0,0.0323145464,-0.999477744,0,0,0,1],"scale":1.26218629,"type":"tree_aspen_bush_b"}
{"ctxid":0,"pos":[4871.95264,2809.40186,-229.947174],"rotationMatrix":[-0.995638728,0.0932926014,0,-0.0932926014,-0.995638728,0,0,0,1],"scale":1.54147434,"type":"tree_aspen_bush_b"}
{"ctxid":0,"pos":[4896.48975,2764.6958,-235.812958],"rotationMatrix":[-0.955024958,0.296525449,0,-0.296525449,-0.955024958,0,0,0,1],"scale":1.02761459,"type":"tree_aspen_bush_b"}
{"ctxid":0,"pos":[4896.72266,2744.85376,-235.614838],"rotationMatrix":[0.491454154,0.870903432,0,-0.870903432,0.491454154,0,0,0,1],"scale":1.08615541,"type":"tree_aspen_bush_b"}
{"ctxid":0,"pos":[4901.76709,2758.94043,-237.61499],"rotationMatrix":[-0.228291377,0.973592877,0,-0.973592877,-0.228291377,0,0,0,1],"scale":1.50953603,"type":"tree_aspen_bush_b"}
{"ctxid":0,"pos":[4894.25391,2757.30396,-235.420502],"rotationMatrix":[-0.841751695,0.539864898,0,-0.539864898,-0.841751695,0,0,0,1],"scale":1.55648196,"type":"tree_aspen_bush_b"}
{"ctxid":0,"pos":[4913.9082,2758.81982,-241.653687],"rotationMatrix":[0.763685584,0.645588398,0,-0.645588398,0.763685584,0,0,0,1],"scale":1.14310646,"type":"tree_aspen_bush_b"}
{"ctxid":0,"pos":[4888.96875,2744.33838,-233.661499],"rotationMatrix":[0.523185015,-0.852219105,0,0.852219105,0.523185015,0,0,0,1],"scale":1.6351068,"type":"tree_aspen_bush_b"}
{"ctxid":0,"pos":[4916.9668,2754.49048,-242.801666],"rotationMatrix":[-0.77270335,-0.634767294,0,0.634767294,-0.77270335,0,0,0,1],"scale":1.44476938,"type":"tree_aspen_bush_b"}
{"ctxid":0,"pos":[4889.12158,2758.01221,-234.234894],"rotationMatrix":[-0.506779909,-0.862075448,0,0.862075448,-0.506779909,0,0,0,1],"scale":1.94958079,"type":"tree_aspen_bush_b"}
{"ctxid":0,"pos":[4901.25488,2743.146,-237.54007],"rotationMatrix":[0.720350742,-0.693610013,0,0.693610013,0.720350742,0,0,0,1],"scale":1.90174162,"type":"tree_aspen_bush_b"}
{"ctxid":0,"pos":[4909.77295,2688.80957,-236.341156],"rotationMatrix":[-0.869207203,-0.494448006,0,0.494448006,-0.869207203,0,0,0,1],"scale":1.27341723,"type":"tree_aspen_bush_b"}
{"ctxid":0,"pos":[4909.96973,2681.84253,-235.583099],"rotationMatrix":[-0.214443654,-0.976736367,0,0.976736367,-0.214443654,0,0,0,1],"scale":1.45397389,"type":"tree_aspen_bush_b"}
{"ctxid":0,"pos":[4907.88184,2688.96167,-235.946869],"rotationMatrix":[0.931666374,-0.363314986,0,0.363314986,0.931666374,0,0,0,1],"scale":1.74516487,"type":"tree_aspen_bush_b"}
{"ctxid":0,"pos":[4896.3501,2697.4812,-234.46106],"rotationMatrix":[-0.93735981,-0.348362774,0,0.348362774,-0.93735981,0,0,0,1],"scale":1.70994854,"type":"tree_aspen_bush_b"}
{"ctxid":0,"pos":[4893.03857,2707.5144,-234.858582],"rotationMatrix":[-0.557764709,-0.829999089,0,0.829999089,-0.557764709,0,0,0,1],"scale":1.8689363,"type":"tree_aspen_bush_b"}
{"ctxid":0,"pos":[4892.375,2700.06201,-233.927582],"rotationMatrix":[-0.941517174,-0.336964995,0,0.336964995,-0.941517174,0,0,0,1],"scale":1.40912175,"type":"tree_aspen_bush_b"}
{"ctxid":0,"pos":[4896.99316,2684.26221,-232.698975],"rotationMatrix":[0.998312354,0.0580730811,0,-0.0580730811,0.998312354,0,0,0,1],"scale":1.72219396,"type":"tree_aspen_bush_b"}
{"ctxid":0,"pos":[4925.57471,2662.00903,-234.695465],"rotationMatrix":[0.114632852,-0.993407905,0,0.993407905,0.114632852,0,0,0,1],"scale":1.33842182,"type":"tree_aspen_bush_b"}
{"ctxid":0,"pos":[4900.45459,2661.83838,-229.533966],"rotationMatrix":[0.733486891,-0.679703593,0,0.679703593,0.733486891,0,0,0,1],"scale":1.80704427,"type":"tree_aspen_bush_b"}
{"ctxid":0,"pos":[4921.08691,2677.50659,-237.422455],"rotationMatrix":[0.822937787,0.568131506,0,-0.568131506,0.822937787,0,0,0,1],"scale":1.64838874,"type":"tree_aspen_bush_b"}
{"ctxid":0,"pos":[4909.22461,2663.96802,-232.185486],"rotationMatrix":[-0.331966907,0.943291008,0,-0.943291008,-0.331966907,0,0,0,1],"scale":1.16068888,"type":"tree_aspen_bush_b"}
{"ctxid":0,"pos":[4905.58057,2658.1228,-230.010651],"rotationMatrix":[0.889120936,0.457672328,0,-0.457672328,0.889120936,0,0,0,1],"scale":1.34665537,"type":"tree_aspen_bush_b"}
{"ctxid":0,"pos":[4913.87646,2667.61694,-233.882843],"rotationMatrix":[0.967076242,-0.254486918,0,0.254486918,0.967076242,0,0,0,1],"scale":1.75932264,"type":"tree_aspen_bush_b"}
{"ctxid":0,"pos":[5500.25195,-1050.68799,-553.764954],"rotationMatrix":[-0.999503314,-0.0315131508,0,0.0315131508,-0.999503314,0,0,0,0.999999881],"scale":1,"type":"tree_aspen_bush_b"}
{"ctxid":0,"pos":[5498.67188,-1053.18726,-553.764954],"rotationMatrix":[0.68343848,-0.730007946,0,0.730007946,0.68343848,0,0,0,0.999999881],"scale":1,"type":"tree_aspen_bush_b"}
{"ctxid":0,"pos":[5515.29199,-1039.03943,-553.764954],"rotationMatrix":[-0.285154551,0.958481431,0,-0.958481431,-0.285154551,0,0,0,0.999999881],"scale":1,"type":"tree_aspen_bush_b"}
{"ctxid":0,"pos":[5528.55957,-1039.43811,-553.764954],"rotationMatrix":[-0.588886857,0.808215261,0,-0.808215261,-0.588886857,0,0,0,0.999999881],"scale":1,"type":"tree_aspen_bush_b"}
{"ctxid":0,"pos":[5522.2041,-1038.68079,-553.764954],"rotationMatrix":[0.997221649,0.0744899735,0,-0.0744899735,0.997221649,0,0,0,0.999999881],"scale":1,"type":"tree_aspen_bush_b"}
{"ctxid":0,"pos":[5523.71875,-1026.49438,-548.036011],"rotationMatrix":[-0.814868033,-0.579646289,0,0.579646289,-0.814868033,0,0,0,0.999999881],"scale":1,"type":"tree_aspen_bush_b"}
{"ctxid":0,"pos":[5512.62402,-1013.51215,-547.555847],"rotationMatrix":[0.132084608,0.991238415,0,-0.991238415,0.132084608,0,0,0,0.999999881],"scale":1,"type":"tree_aspen_bush_b"}
{"ctxid":0,"pos":[5488.28271,-1055.68005,-553.764954],"rotationMatrix":[-0.988797367,0.149263382,0,-0.149263382,-0.988797367,0,0,0,0.999999881],"scale":1,"type":"tree_aspen_bush_b"}
{"ctxid":0,"pos":[5520.57568,-1013.38452,-553.034546],"rotationMatrix":[-0.998866022,-0.0476076901,0,0.0476076901,-0.998866022,0,0,0,0.999999881],"scale":1,"type":"tree_aspen_bush_b"}
{"ctxid":0,"pos":[5513.75732,-1015.50708,-550.161133],"rotationMatrix":[-0.492896795,0.870087624,0,-0.870087624,-0.492896795,0,0,0,0.999999881],"scale":1,"type":"tree_aspen_bush_b"}
{"ctxid":1,"pos":[5210.13818,-625.327942,-482.905945],"rotationMatrix":[0.0745516345,-0.997217119,0,0.997217119,0.0745516345,0,0,0,0.999999881],"scale":1,"type":"tree_aspen_bush_b"}
