{"ctxid":0,"pos":[4920.73145,-6009.45459,-544.839478],"rotationMatrix":[0.367184013,-0.930148304,0,0.930148304,0.367184013,0,0,0,1],"scale":1,"type":"tree_douglasfir_large_a2"}
{"ctxid":0,"pos":[4904.1665,-6027.94775,-535.477051],"rotationMatrix":[-0.394273549,0.918993115,0,-0.918993115,-0.394273549,0,0,0,1],"scale":1,"type":"tree_douglasfir_large_a2"}
{"ctxid":0,"pos":[4857.27539,-6028.99951,-517.621826],"rotationMatrix":[0.380169332,0.924916923,0,-0.924916923,0.380169332,0,0,0,1],"scale":1,"type":"tree_douglasfir_large_a2"}
{"ctxid":0,"pos":[4883.58203,-6015.09473,-532.795166],"rotationMatrix":[-0.488537312,-0.872542977,0,0.872542977,-0.488537312,0,0,0,1],"scale":1,"type":"tree_douglasfir_large_a2"}
{"ctxid":0,"pos":[4805.9751,-5995.56982,-533.317383],"rotationMatrix":[-0.688076556,-0.725638092,0,0.725638092,-0.688076556,0,0,0,1],"scale":1,"type":"tree_douglasfir_large_a2"}
{"ctxid":0,"pos":[4810.11865,-5986.60547,-543.735718],"rotationMatrix":[-0.939372361,0.342898697,0,-0.342898697,-0.939372361,0,0,0,1],"scale":1,"type":"tree_douglasfir_large_a2"}
{"ctxid":0,"pos":[4817.49854,-5997.59473,-532.682678],"rotationMatrix":[0.42612502,0.904664278,0,-0.904664278,0.42612502,0,0,0,1],"scale":1,"type":"tree_douglasfir_large_a2"}
{"ctxid":0,"pos":[4799.64551,-6010.26221,-519.430054],"rotationMatrix":[0.18642199,-0.982469738,0,0.982469738,0.18642199,0,0,0,1],"scale":1,"type":"tree_douglasfir_large_a2"}
{"ctxid":0,"pos":[4761.2959,-5989.1582,-533.614807],"rotationMatrix":[-0.867713988,-0.497063756,0,0.497063756,-0.867713988,0,0,0,1],"scale":1,"type":"tree_douglasfir_large_a2"}
{"ctxid":0,"pos":[4773.53662,-6012.94141,-516.955444],"rotationMatrix":[0.579500139,-0.814972162,0,0.814972162,0.579500139,0,0,0,1],"scale":1,"type":"tree_douglasfir_large_a2"}
{"ctxid":0,"pos":[4775.82715,-6025.09619,-504.635468],"rotationMatrix":[0.127905056,-0.99178642,0,0.99178642,0.127905056,0,0,0,1],"scale":1,"type":"tree_douglasfir_large_a2"}
{"ctxid":0,"pos":[4708.23828,-6017.72168,-510.640839],"rotationMatrix":[-0.508464992,-0.861082673,0,0.861082673,-0.508464992,0,0,0,1],"scale":1,"type":"tree_douglasfir_large_a2"}
{"ctxid":0,"pos":[4732.56885,-6002.41846,-521.001953],"rotationMatrix":[-0.732281327,-0.6810022,0,0.6810022,-0.732281327,0,0,0,1],"scale":1,"type":"tree_douglasfir_large_a2"}
{"ctxid":0,"pos":[4731.89941,-5993.14453,-530.603333],"rotationMatrix":[0.42319414,-0.906039059,0,0.906039059,0.42319414,0,0,0,1],"scale":1,"type":"tree_douglasfir_large_a2"}
{"ctxid":0,"pos":[4691.42773,-6015.38428,-513.817932],"rotationMatrix":[-0.753205955,0.65778476,0,-0.65778476,-0.753205955,0,0,0,1],"scale":1,"type":"tree_douglasfir_large_a2"}
{"ctxid":0,"pos":[4674.80078,-6007.05811,-518.387573],"rotationMatrix":[-0.956795335,-0.290762186,0,0.290762186,-0.956795335,0,0,0,1],"scale":1,"type":"tree_douglasfir_large_a2"}
{"ctxid":0,"pos":[4687.98877,-5995.95361,-527.911255],"rotationMatrix":[-0.0613794401,0.998114526,0,-0.998114526,-0.0613794401,0,0,0,1],"scale":1,"type":"tree_douglasfir_large_a2"}
{"ctxid":0,"pos":[4660.93604,-6021.36035,-513.550415],"rotationMatrix":[-0.25350675,-0.967333615,0,0.967333615,-0.25350675,0,0,0,1],"scale":1,"type":"tree_douglasfir_large_a2"}
{"ctxid":0,"pos":[4679.20703,-6016.57178,-513.705078],"rotationMatrix":[0.0242042858,0.999707043,0,-0.999707043,0.0242042858,0,0,0,1],"scale":1,"type":"tree_douglasfir_large_a2"}
{"ctxid":0,"pos":[4914.1792,-6140.3291,-486.696655],"rotationMatrix":[-0.975109518,-0.221723825,0,0.221723825,-0.975109518,0,0,0,1],"scale":1,"type":"tree_douglasfir_large_a2"}
{"ctxid":0,"pos":[4900.38867,-6133.45752,-486.492554],"rotationMatrix":[-0.489914745,0.871770322,0,-0.871770322,-0.489914745,0,0,0,1],"scale":1,"type":"tree_douglasfir_large_a2"}
{"ctxid":0,"pos":[4888.71436,-6116.92334,-492.428833],"rotationMatrix":[0.0440907665,0.99902755,0,-0.99902755,0.0440907665,0,0,0,1],"scale":1,"type":"tree_douglasfir_large_a2"}
{"ctxid":0,"pos":[4998.56445,-6145.17139,-479.987152],"rotationMatrix":[0.979494989,0.201468408,0,-0.201468408,0.979494989,0,0,0,1],"scale":1,"type":"tree_douglasfir_large_a2"}
{"ctxid":0,"pos":[4935.75391,-5836.43994,-552.975891],"rotationMatrix":[-0.790624201,-0.612301707,0,0.612301707,-0.790624201,0,0,0,1],"scale":1,"type":"tree_douglasfir_large_a2"}
{"ctxid":0,"pos":[4925.7085,-5801.39014,-553.38208],"rotationMatrix":[-0.354575634,-0.935027361,0,0.935027361,-0.354575634,0,0,0,1],"scale":1,"type":"tree_douglasfir_large_a2"}
{"ctxid":0,"pos":[4904.39404,-5818.29736,-552.783813],"rotationMatrix":[-0.950036407,-0.312139064,0,0.312139064,-0.950036407,0,0,0,1],"scale":1,"type":"tree_douglasfir_large_a2"}
{"ctxid":0,"pos":[4904.73877,-5830.3584,-552.619507],"rotationMatrix":[-0.841827869,0.539746046,0,-0.539746046,-0.841827869,0,0,0,1],"scale":1,"type":"tree_douglasfir_large_a2"}
{"ctxid":0,"pos":[4914.07617,-5853.17139,-552.297241],"rotationMatrix":[0.904551506,-0.426364303,0,0.426364303,0.904551506,0,0,0,1],"scale":1,"type":"tree_douglasfir_large_a2"}
{"ctxid":0,"pos":[4863.66357,-5855.18066,-552.180664],"rotationMatrix":[0.0189278312,-0.999820828,0,0.999820828,0.0189278312,0,0,0,1],"scale":1,"type":"tree_douglasfir_large_a2"}
{"ctxid":0,"pos":[4864.14111,-5874.73779,-551.811401],"rotationMatrix":[0.982342541,-0.187091351,0,0.187091351,0.982342541,0,0,0,1],"scale":1,"type":"tree_douglasfir_large_a2"}
{"ctxid":0,"pos":[4908.11426,-5906.17285,-551.334473],"rotationMatrix":[-0.148737088,0.98887676,0,-0.98887676,-0.148737088,0,0,0,1],"scale":1,"type":"tree_douglasfir_large_a2"}
{"ctxid":0,"pos":[4922.34668,-5920.95166,-551.152466],"rotationMatrix":[0.705186605,-0.709021747,0,0.709021747,0.705186605,0,0,0,1],"scale":1,"type":"tree_douglasfir_large_a2"}
{"ctxid":0,"pos":[4905.80811,-5951.94482,-550.944702],"rotationMatrix":[-0.997113764,-0.0759217516,0,0.0759217516,-0.997113764,0,0,0,1],"scale":1,"type":"tree_douglasfir_large_a2"}
{"ctxid":0,"pos":[4909.66846,-5916.68457,-551.210083],"rotationMatrix":[-0.982776701,0.184796944,0,-0.184796944,-0.982776701,0,0,0,1],"scale":1,"type":"tree_douglasfir_large_a2"}
{"ctxid":0,"pos":[4913.95312,-5896.75488,-551.474487],"rotationMatrix":[-0.455917358,-0.890022099,0,0.890022099,-0.455917358,0,0,0,1],"scale":1,"type":"tree_douglasfir_large_a2"}
{"ctxid":0,"pos":[4940.53125,-5898.01855,-551.510498],"rotationMatrix":[-0.747942567,-0.663763404,0,0.663763404,-0.747942567,0,0,0,1],"scale":1,"type":"tree_douglasfir_large_a2"}
{"ctxid":0,"pos":[4958.92578,-5906.99023,-551.386536],"rotationMatrix":[0.588287234,0.808652043,0,-0.808652043,0.588287234,0,0,0,1],"scale":1,"type":"tree_douglasfir_large_a2"}
{"ctxid":0,"pos":[4874.96094,-5928.58789,-550.979248],"rotationMatrix":[0.384533525,0.923111022,0,-0.923111022,0.384533525,0,0,0,1],"scale":1,"type":"tree_douglasfir_large_a2"}
{"ctxid":0,"pos":[4895.46436,-5939.10498,-550.971008],"rotationMatrix":[-0.171303257,-0.985218346,0,0.985218346,-0.171303257,0,0,0,1],"scale":1,"type":"tree_douglasfir_large_a2"}
{"ctxid":0,"pos":[4883.44189,-5966.59717,-550.589966],"rotationMatrix":[0.588431418,0.808547139,0,-0.808547139,0.588431418,0,0,0,1],"scale":1,"type":"tree_douglasfir_large_a2"}
{"ctxid":0,"pos":[4866.54297,-5938.64502,-550.80835],"rotationMatrix":[-0.853133619,-0.521692395,0,0.521692395,-0.853133619,0,0,0,1],"scale":1,"type":"tree_douglasfir_large_a2"}
{"ctxid":0,"pos":[4858.33643,-5969.14893,-550.225037],"rotationMatrix":[0.00940548629,0.999955773,0,-0.999955773,0.00940548629,0,0,0,1],"scale":1,"type":"tree_douglasfir_large_a2"}
{"ctxid":0,"pos":[4849.16016,-5879.66846,-551.829712],"rotationMatrix":[-0.649585605,-0.760288417,0,0.760288417,-0.649585605,0,0,0,1],"scale":1,"type":"tree_douglasfir_large_a2"}
{"ctxid":0,"pos":[4846.30469,-5887.31299,-551.694824],"rotationMatrix":[-0.948415637,-0.317029685,0,0.317029685,-0.948415637,0,0,0,1],"scale":1,"type":"tree_douglasfir_large_a2"}
{"ctxid":0,"pos":[4791.16504,-5983.88184,-546.327209],"rotationMatrix":[-0.317673504,-0.948200166,0,0.948200166,-0.317673504,0,0,0,1],"scale":1,"type":"tree_douglasfir_large_a2"}
{"ctxid":0,"pos":[4756.61279,-5995.53564,-526.358032],"rotationMatrix":[-0.592708111,0.805417359,0,-0.805417359,-0.592708111,0,0,0,1],"scale":1,"type":"tree_douglasfir_large_a2"}
{"ctxid":0,"pos":[4774.75195,-5959.52783,-550.154053],"rotationMatrix":[0.318169266,-0.948033929,0,0.948033929,0.318169266,0,0,0,1],"scale":1,"type":"tree_douglasfir_large_a2"}
{"ctxid":0,"pos":[4745.62354,-5919.26367,-552.808044],"rotationMatrix":[0.98043108,-0.196862578,0,0.196862578,0.98043108,0,0,0,1],"scale":1,"type":"tree_douglasfir_large_a2"}
{"ctxid":0,"pos":[4732.92969,-5923.84326,-551.426575],"rotationMatrix":[0.0790229142,0.996872783,0,-0.996872783,0.0790229142,0,0,0,1],"scale":1,"type":"tree_douglasfir_large_a2"}
{"ctxid":0,"pos":[4704.82568,-5935.62061,-547.264648],"rotationMatrix":[-0.349196762,0.937049448,0,-0.937049448,-0.349196762,0,0,0,1],"scale":1,"type":"tree_douglasfir_large_a2"}
{"ctxid":0,"pos":[4760.55908,-5927.99609,-553.022461],"rotationMatrix":[-0.345833093,0.93829602,0,-0.93829602,-0.345833093,0,0,0,1],"scale":1,"type":"tree_douglasfir_large_a2"}
{"ctxid":0,"pos":[4633.33936,-5980.14258,-539.739624],"rotationMatrix":[-0.46146068,0.887160659,0,-0.887160659,-0.46146068,0,0,0,1],"scale":1,"type":"tree_douglasfir_large_a2"}
{"ctxid":0,"pos":[2913.91797,2205.90918,-539.516541],"rotationMatrix":[0.481306702,0.876552284,0,-0.876552284,0.481306702,0,0,0,1],"scale":1,"type":"tree_douglasfir_large_a2"}
{"ctxid":0,"pos":[2902.96631,2222.87744,-542.886353],"rotationMatrix":[-0.769205272,-0.639001727,0,0.639001727,-0.769205272,0,0,0,1],"scale":1,"type":"tree_douglasfir_large_a2"}
{"ctxid":0,"pos":[2894.65723,2193.69458,-535.14856],"rotationMatrix":[0.210083991,0.977683365,0,-0.977683365,0.210083991,0,0,0,1],"scale":1,"type":"tree_douglasfir_large_a2"}
{"ctxid":0,"pos":[2923.64575,2291.89526,-553.417114],"rotationMatrix":[-0.437275618,0.899327517,0,-0.899327517,-0.437275618,0,0,0,1],"scale":1,"type":"tree_douglasfir_large_a2"}
{"ctxid":0,"pos":[2903.71045,2287.55664,-552.674072],"rotationMatrix":[-0.999710858,0.0240451451,0,-0.0240451451,-0.999710858,0,0,0,1],"scale":1,"type":"tree_douglasfir_large_a2"}
{"ctxid":0,"pos":[2919.79077,2293.8374,-553.522278],"rotationMatrix":[0.68520093,-0.728354096,0,0.728354096,0.68520093,0,0,0,1],"scale":1,"type":"tree_douglasfir_large_a2"}
{"ctxid":0,"pos":[3050.13843,2195.3606,-544.624023],"rotationMatrix":[0.834577441,0.550890684,0,-0.550890684,0.834577441,0,0,0,1],"scale":1,"type":"tree_douglasfir_large_a2"}
{"ctxid":0,"pos":[3037.24512,2166.6958,-536.664062],"rotationMatrix":[0.987227798,0.159315065,0,-0.159315065,0.987227798,0,0,0,1],"scale":1,"type":"tree_douglasfir_large_a2"}
{"ctxid":0,"pos":[4875.354,2770.19263,-233.079468],"rotationMatrix":[0.723576605,0.690244079,0,-0.690244079,0.723576605,0,0,0,1],"scale":1,"type":"tree_douglasfir_large_a2"}
{"ctxid":0,"pos":[4912.80518,2729.34375,-240.701935],"rotationMatrix":[0.880385399,-0.4742589,0,0.4742589,0.880385399,0,0,0,1],"scale":1,"type":"tree_douglasfir_large_a2"}
{"ctxid":0,"pos":[4901.57324,2735.08252,-237.68808],"rotationMatrix":[-0.228969112,0.973433673,0,-0.973433673,-0.228969112,0,0,0,1],"scale":1,"type":"tree_douglasfir_large_a2"}
{"ctxid":0,"pos":[4767.01855,1842.81287,-297.256195],"rotationMatrix":[0.587233782,-0.809417367,0,0.809417367,0.587233782,0,0,0,1],"scale":1,"type":"tree_douglasfir_large_a2"}
{"ctxid":0,"pos":[4761.50586,1850.92896,-304.202911],"rotationMatrix":[0.725924075,0.687774837,0,-0.687774837,0.725924075,0,0,0,1],"scale":1,"type":"tree_douglasfir_large_a2"}
{"ctxid":0,"pos":[1687.64441,2263.81006,-548.344849],"rotationMatrix":[0.79224813,0.610199034,0,-0.610199034,0.79224813,0,0,0,1],"scale":1,"type":"tree_douglasfir_large_a2"}
{"ctxid":0,"pos":[1868.63025,2288.11792,-547.30426],"rotationMatrix":[-0.982120037,-0.188255712,0,0.188255712,-0.982120037,0,0,0,1],"scale":1,"type":"tree_douglasfir_large_a2"}
{"ctxid":0,"pos":[1919.93372,2259.26807,-547.221985],"rotationMatrix":[-0.0434585884,0.999055207,0,-0.999055207,-0.0434585884,0,0,0,1],"scale":1,"type":"tree_douglasfir_large_a2"}
{"ctxid":0,"pos":[1949.81567,2262.28857,-548.47583],"rotationMatrix":[-0.908801377,-0.417228967,0,0.417228967,-0.908801377,0,0,0,1],"scale":1,"type":"tree_douglasfir_large_a2"}
{"ctxid":0,"pos":[2009.36682,2258.75391,-551.287231],"rotationMatrix":[0.273011595,0.962010741,0,-0.962010741,0.273011595,0,0,0,1],"scale":1,"type":"tree_douglasfir_large_a2"}
{"ctxid":0,"pos":[2109.84277,2292.29858,-552.06311],"rotationMatrix":[-0.434352547,0.900742948,0,-0.900742948,-0.434352547,0,0,0,1],"scale":1,"type":"tree_douglasfir_large_a2"}
{"ctxid":0,"pos":[2130.11719,2327.57104,-551.893799],"rotationMatrix":[-0.139578789,-0.99021095,0,0.99021095,-0.139578789,0,0,0,1],"scale":1,"type":"tree_douglasfir_large_a2"}
{"ctxid":0,"pos":[2103.33765,2275.91919,-551.429077],"rotationMatrix":[0.793804526,-0.608173013,0,0.608173013,0.793804526,0,0,0,1],"scale":1,"type":"tree_douglasfir_large_a2"}
{"ctxid":0,"pos":[2173.38159,2252.1001,-550.989502],"rotationMatrix":[0.0697924271,-0.997561514,0,0.997561514,0.0697924271,0,0,0,1],"scale":1,"type":"tree_douglasfir_large_a2"}
{"ctxid":0,"pos":[2164.67407,2250.11108,-551.01001],"rotationMatrix":[0.663350344,-0.748308957,0,0.748308957,0.663350344,0,0,0,1],"scale":1,"type":"tree_douglasfir_large_a2"}
{"ctxid":0,"pos":[2260.96216,2252.74854,-551.359253],"rotationMatrix":[-0.700300276,-0.713848412,0,0.713848412,-0.700300276,0,0,0,1],"scale":1,"type":"tree_douglasfir_large_a2"}
{"ctxid":0,"pos":[2282.29614,2255.38696,-551.674622],"rotationMatrix":[-0.432478249,-0.901644349,0,0.901644349,-0.432478249,0,0,0,1],"scale":1,"type":"tree_douglasfir_large_a2"}
{"ctxid":0,"pos":[2427.64185,2244.68018,-552.674805],"rotationMatrix":[-0.839865685,0.542794287,0,-0.542794287,-0.839865685,0,0,0,1],"scale":1,"type":"tree_douglasfir_large_a2"}
{"ctxid":0,"pos":[2551.68506,2238.28101,-551.226318],"rotationMatrix":[-0.869682252,-0.493611991,0,0.493611991,-0.869682252,0,0,0,1],"scale":1,"type":"tree_douglasfir_large_a2"}
{"ctxid":0,"pos":[2578.8894,2271.1814,-551.712402],"rotationMatrix":[-0.30393216,0.952693701,0,-0.952693701,-0.30393216,0,0,0,1],"scale":1,"type":"tree_douglasfir_large_a2"}
{"ctxid":0,"pos":[3653.51465,-431.331421,-489.698853],"rotationMatrix":[-0.940835059,0.338864863,0,-0.338864863,-0.940835059,0,0,0,1],"scale":1,"type":"tree_douglasfir_large_a2"}
{"ctxid":0,"pos":[5158.24023,-1681.96179,-540.174561],"rotationMatrix":[0.81768167,0.57567066,0,-0.57567066,0.81768167,0,0,0,1],"scale":1,"type":"tree_douglasfir_large_a2"}
{"ctxid":0,"pos":[5330.25732,-1549.57617,-542.440979],"rotationMatrix":[-0.927865803,0.372914255,0,-0.372914255,-0.927865803,0,0,0,1],"scale":1,"type":"tree_douglasfir_large_a2"}
{"ctxid":0,"pos":[5374.76562,-1482.55969,-546.065552],"rotationMatrix":[-0.854872227,-0.518838644,0,0.518838644,-0.854872227,0,0,0,1],"scale":1,"type":"tree_douglasfir_large_a2"}
{"ctxid":0,"pos":[5342.23926,-1448.98669,-547.153564],"rotationMatrix":[-0.997536242,0.0701531097,0,-0.0701531097,-0.997536242,0,0,0,1],"scale":1,"type":"tree_douglasfir_large_a2"}
{"ctxid":0,"pos":[5356.15723,-1417.98621,-546.825684],"rotationMatrix":[0.324820518,-0.945775688,0,0.945775688,0.324820518,0,0,0,1],"scale":1,"type":"tree_douglasfir_large_a2"}
{"ctxid":0,"pos":[5344.01904,-1402.90955,-545.412354],"rotationMatrix":[0.984695196,-0.174285352,0,0.174285352,0.984695196,0,0,0,1],"scale":1,"type":"tree_douglasfir_large_a2"}
{"ctxid":0,"pos":[5340.00342,-1489.63037,-544.727173],"rotationMatrix":[-0.285428554,-0.958400011,0,0.958400011,-0.285428554,0,0,0,1],"scale":1,"type":"tree_douglasfir_large_a2"}
{"ctxid":0,"pos":[5260.75684,-1560.11084,-541.924316],"rotationMatrix":[0.91333282,0.407213867,0,-0.407213867,0.91333282,0,0,0,1],"scale":1,"type":"tree_douglasfir_large_a2"}
{"ctxid":0,"pos":[5249.05225,-1612.24426,-542.415161],"rotationMatrix":[-0.980085373,0.198576704,0,-0.198576704,-0.980085373,0,0,0,1],"scale":1,"type":"tree_douglasfir_large_a2"}
{"ctxid":0,"pos":[5086.7373,-1766.8988,-548.895935],"rotationMatrix":[0.663319945,-0.748335958,0,0.748335958,0.663319945,0,0,0,1],"scale":1,"type":"tree_douglasfir_large_a2"}
{"ctxid":0,"pos":[5077.96777,-1758.8927,-548.67334],"rotationMatrix":[0.817244351,-0.576291263,0,0.576291263,0.817244351,0,0,0,1],"scale":1,"type":"tree_douglasfir_large_a2"}
{"ctxid":0,"pos":[5067.54639,-1770.53296,-549.609619],"rotationMatrix":[-0.309007853,-0.951059461,0,0.951059461,-0.309007853,0,0,0,1],"scale":1,"type":"tree_douglasfir_large_a2"}
{"ctxid":0,"pos":[5047.04297,-1790.20325,-550.717102],"rotationMatrix":[0.90392673,-0.427687407,0,0.427687407,0.90392673,0,0,0,1],"scale":1,"type":"tree_douglasfir_large_a2"}
{"ctxid":0,"pos":[5241.53809,-2241.68457,-539.674194],"rotationMatrix":[0.836491227,-0.547980368,0,0.547980368,0.836491227,0,0,0,1],"scale":1,"type":"tree_douglasfir_large_a2"}
{"ctxid":0,"pos":[5263.51758,-2259.28955,-539.482971],"rotationMatrix":[-0.937765241,0.347269863,0,-0.347269863,-0.937765241,0,0,0,1],"scale":1,"type":"tree_douglasfir_large_a2"}
{"ctxid":0,"pos":[5195.90869,-2309.27173,-547.185547],"rotationMatrix":[-0.895157576,-0.445749819,0,0.445749819,-0.895157576,0,0,0,1],"scale":1,"type":"tree_douglasfir_large_a2"}
{"ctxid":0,"pos":[5015.71924,-6614.07178,-537.840759],"rotationMatrix":[-0.968890131,0.247491136,0,-0.247491136,-0.968890131,0,0,0,1],"scale":1,"type":"tree_douglasfir_large_a2"}
{"ctxid":0,"pos":[3790.89722,-5345.18652,-458.557739],"rotationMatrix":[-0.962627053,0.270830423,0,-0.270830423,-0.962627053,0,0,0,1],"scale":1,"type":"tree_douglasfir_large_a2"}
{"ctxid":0,"pos":[2272.8147,-5218.08252,-507.787811],"rotationMatrix":[0.906442583,-0.422329128,0,0.422329128,0.906442583,0,0,0,1],"scale":1,"type":"tree_douglasfir_large_a2"}
{"ctxid":0,"pos":[2303.01123,-5151.47949,-509.249695],"rotationMatrix":[-0.75992161,0.650014699,0,-0.650014699,-0.75992161,0,0,0,1],"scale":1,"type":"tree_douglasfir_large_a2"}
{"ctxid":0,"pos":[2315.65723,-5125.80615,-509.49234],"rotationMatrix":[-0.146144554,0.989263237,0,-0.989263237,-0.146144554,0,0,0,1],"scale":1,"type":"tree_douglasfir_large_a2"}
{"ctxid":0,"pos":[2391.823,-5333.85596,-489.832397],"rotationMatrix":[-0.431177884,-0.90226692,0,0.90226692,-0.431177884,0,0,0,1],"scale":1,"type":"tree_douglasfir_large_a2"}
{"ctxid":0,"pos":[4567.81982,-538.348938,-321.002502],"rotationMatrix":[-0.952458441,0.304668576,0,-0.304668576,-0.952458441,0,0,0,1],"scale":1,"type":"tree_douglasfir_large_a2"}
{"ctxid":1,"pos":[5388.73486,-6012.90137,-552.982117],"rotationMatrix":[0.78589958,0.618354142,0,-0.618354142,0.78589958,0,0,0,0.999999881],"scale":1,"type":"tree_douglasfir_large_a2"}
{"ctxid":1,"pos":[5405.66797,-6045.08154,-553.541016],"rotationMatrix":[0.213422269,0.976960003,0,-0.976960003,0.213422269,0,0,0,0.999999881],"scale":1,"type":"tree_douglasfir_large_a2"}
{"ctxid":1,"pos":[5374.71094,-5991.73584,-552.218628],"rotationMatrix":[-0.676920354,0.736056209,0,-0.736056209,-0.676920354,0,0,0,0.999999881],"scale":1,"type":"tree_douglasfir_large_a2"}
{"ctxid":1,"pos":[5371.25635,-5994.43213,-552.428345],"rotationMatrix":[-0.809461355,-0.587172985,0,0.587172985,-0.809461355,0,0,0,0.999999881],"scale":1,"type":"tree_douglasfir_large_a2"}
{"ctxid":1,"pos":[5410.07471,-6015.30322,-552.567017],"rotationMatrix":[0.916564286,0.399887323,0,-0.399887323,0.916564286,0,0,0,0.999999881],"scale":1,"type":"tree_douglasfir_large_a2"}
{"ctxid":1,"pos":[5398.26514,-6044.57861,-553.745239],"rotationMatrix":[-0.25341022,0.967358828,0,-0.967358828,-0.25341022,0,0,0,0.999999881],"scale":1,"type":"tree_douglasfir_large_a2"}
{"ctxid":1,"pos":[5450.73145,-6092.86377,-553.080566],"rotationMatrix":[0.731873333,-0.681440532,0,0.681440532,0.731873333,0,0,0,0.999999881],"scale":1,"type":"tree_douglasfir_large_a2"}
{"ctxid":1,"pos":[5447.20508,-6037.47119,-552.765076],"rotationMatrix":[0.988840282,0.1489788,0,-0.1489788,0.988840282,0,0,0,0.999999881],"scale":1,"type":"tree_douglasfir_large_a2"}
{"ctxid":1,"pos":[5446.33496,-6054.10449,-552.983643],"rotationMatrix":[-0.165211096,0.98625809,0,-0.98625809,-0.165211096,0,0,0,0.999999881],"scale":1,"type":"tree_douglasfir_large_a2"}
{"ctxid":1,"pos":[5424.0752,-6048.24707,-553.150635],"rotationMatrix":[-0.787265241,0.616614342,0,-0.616614342,-0.787265241,0,0,0,0.999999881],"scale":1,"type":"tree_douglasfir_large_a2"}
{"ctxid":1,"pos":[5326.2749,-6102.06055,-554.341675],"rotationMatrix":[-0.809708238,0.586832583,0,-0.586832583,-0.809708238,0,0,0,0.999999881],"scale":1,"type":"tree_douglasfir_large_a2"}
{"ctxid":1,"pos":[5320.98975,-6124.73047,-556.276978],"rotationMatrix":[-0.126676038,0.991944015,0,-0.991944015,-0.126676038,0,0,0,0.999999881],"scale":1,"type":"tree_douglasfir_large_a2"}
{"ctxid":1,"pos":[5347.34912,-6126.01709,-555.506226],"rotationMatrix":[0.843720555,-0.536782444,0,0.536782444,0.843720555,0,0,0,0.999999881],"scale":1,"type":"tree_douglasfir_large_a2"}
{"ctxid":1,"pos":[5346.84131,-6133.32812,-555.467285],"rotationMatrix":[0.999469638,-0.0325607359,0,0.0325607359,0.999469638,0,0,0,0.999999881],"scale":1,"type":"tree_douglasfir_large_a2"}
{"ctxid":1,"pos":[5357.21777,-6148.41846,-555.066956],"rotationMatrix":[-0.828154683,0.56049931,0,-0.56049931,-0.828154683,0,0,0,0.999999881],"scale":1,"type":"tree_douglasfir_large_a2"}
{"ctxid":1,"pos":[5363.30762,-6149.45752,-554.911499],"rotationMatrix":[-0.265769213,0.964036584,0,-0.964036584,-0.265769213,0,0,0,0.999999881],"scale":1,"type":"tree_douglasfir_large_a2"}
{"ctxid":1,"pos":[5286.74072,-6105.69287,-551.392944],"rotationMatrix":[-0.0588787645,-0.998265028,0,0.998265028,-0.0588787645,0,0,0,0.999999881],"scale":1,"type":"tree_douglasfir_large_a2"}
{"ctxid":1,"pos":[5292.94775,-6136.14746,-556.797607],"rotationMatrix":[0.994190812,-0.107631482,0,0.107631482,0.994190812,0,0,0,0.999999881],"scale":1,"type":"tree_douglasfir_large_a2"}
{"ctxid":1,"pos":[5253.26562,-6123.98535,-548.993103],"rotationMatrix":[0.331743479,0.943369627,0,-0.943369627,0.331743479,0,0,0,0.999999881],"scale":1,"type":"tree_douglasfir_large_a2"}
{"ctxid":1,"pos":[5238.40332,-6136.87695,-549.71582],"rotationMatrix":[0.493715256,-0.869623542,0,0.869623542,0.493715256,0,0,0,0.999999881],"scale":1,"type":"tree_douglasfir_large_a2"}
{"ctxid":1,"pos":[5330.57715,-6150.30664,-555.85376],"rotationMatrix":[-0.482136369,0.87609601,0,-0.87609601,-0.482136369,0,0,0,0.999999881],"scale":1,"type":"tree_douglasfir_large_a2"}
{"ctxid":1,"pos":[5326.61133,-6143.66113,-556.013428],"rotationMatrix":[0.55652684,0.83082962,0,-0.83082962,0.55652684,0,0,0,0.999999881],"scale":1,"type":"tree_douglasfir_large_a2"}
{"ctxid":1,"pos":[5216.86865,-6089.75195,-546.704468],"rotationMatrix":[-0.0715909377,0.997433901,0,-0.997433901,-0.0715909377,0,0,0,0.999999881],"scale":1,"type":"tree_douglasfir_large_a2"}
{"ctxid":1,"pos":[5319.27002,-6016.67871,-553.906372],"rotationMatrix":[0.256990582,-0.966413796,0,0.966413796,0.256990582,0,0,0,0.999999881],"scale":1,"type":"tree_douglasfir_large_a2"}
{"ctxid":1,"pos":[5294.20703,-6011.86377,-553.52356],"rotationMatrix":[-0.89012605,-0.455714226,0,0.455714226,-0.89012605,0,0,0,0.999999881],"scale":1,"type":"tree_douglasfir_large_a2"}
{"ctxid":1,"pos":[5289.00488,-6043.74316,-554.949463],"rotationMatrix":[0.254398912,-0.967099309,0,0.967099309,0.254398912,0,0,0,0.999999881],"scale":1,"type":"tree_douglasfir_large_a2"}
{"ctxid":1,"pos":[5228.00391,-6057.60742,-553.7677],"rotationMatrix":[0.999999881,0.000236813212,0,-0.000236813212,0.999999881,0,0,0,0.999999881],"scale":1,"type":"tree_douglasfir_large_a2"}
{"ctxid":1,"pos":[5192.19043,-6090.41504,-544.443359],"rotationMatrix":[0.325047523,0.945697665,0,-0.945697665,0.325047523,0,0,0,0.999999881],"scale":1,"type":"tree_douglasfir_large_a2"}
{"ctxid":1,"pos":[5169.88965,-6029.41504,-552.702209],"rotationMatrix":[0.41063267,0.911800861,0,-0.911800861,0.41063267,0,0,0,0.999999881],"scale":1,"type":"tree_douglasfir_large_a2"}
{"ctxid":1,"pos":[5115.75781,-6032.22754,-552.895874],"rotationMatrix":[-0.138689056,0.990335882,0,-0.990335882,-0.138689056,0,0,0,0.999999881],"scale":1,"type":"tree_douglasfir_large_a2"}
{"ctxid":1,"pos":[5128.39551,-6048.83105,-553.119995],"rotationMatrix":[0.29439196,0.955684781,0,-0.955684781,0.29439196,0,0,0,0.999999881],"scale":1,"type":"tree_douglasfir_large_a2"}
{"ctxid":1,"pos":[5067.28174,-6022.62012,-552.731079],"rotationMatrix":[0.104970455,-0.994475186,0,0.994475186,0.104970455,0,0,0,0.999999881],"scale":1,"type":"tree_douglasfir_large_a2"}
{"ctxid":1,"pos":[4990.65723,-6018.05859,-552.601562],"rotationMatrix":[-0.563909948,-0.825836241,0,0.825836241,-0.563909948,0,0,0,0.999999881],"scale":1,"type":"tree_douglasfir_large_a2"}
{"ctxid":1,"pos":[4983.79834,-6008.41309,-552.481934],"rotationMatrix":[-0.201753765,0.979436159,0,-0.979436159,-0.201753765,0,0,0,0.999999881],"scale":1,"type":"tree_douglasfir_large_a2"}
{"ctxid":1,"pos":[4996.10156,-6008.92383,-552.53833],"rotationMatrix":[0.0589307137,-0.998261988,0,0.998261988,0.0589307137,0,0,0,0.999999881],"scale":1,"type":"tree_douglasfir_large_a2"}
{"ctxid":1,"pos":[5075.44336,-6056.73145,-543.828247],"rotationMatrix":[-0.797868788,0.602830887,0,-0.602830887,-0.797868788,0,0,0,0.999999881],"scale":1,"type":"tree_douglasfir_large_a2"}
{"ctxid":1,"pos":[5068.28467,-6074.5293,-531.99823],"rotationMatrix":[0.971582413,0.236701176,0,-0.236701176,0.971582413,0,0,0,0.999999881],"scale":1,"type":"tree_douglasfir_large_a2"}
