{"ctxid":0,"pos":[4919.54736,-6045.45312,-524.848694],"rotationMatrix":[-0.47231403,0.881430328,0,-0.881430328,-0.47231403,0,0,0,1],"scale":1,"type":"tree_douglasfir_large_c2"}
{"ctxid":0,"pos":[4895.60303,-6007.71045,-543.777039],"rotationMatrix":[-0.999996603,0.00261792052,0,-0.00261792052,-0.999996603,0,0,0,1],"scale":1,"type":"tree_douglasfir_large_c2"}
{"ctxid":0,"pos":[4872.69043,-6040.79639,-519.443237],"rotationMatrix":[-0.903974652,0.427586049,0,-0.427586049,-0.903974652,0,0,0,1],"scale":1,"type":"tree_douglasfir_large_c2"}
{"ctxid":0,"pos":[4827.88721,-6019.87842,-520.712769],"rotationMatrix":[0.541024506,0.841006815,0,-0.841006815,0.541024506,0,0,0,1],"scale":1,"type":"tree_douglasfir_large_c2"}
{"ctxid":0,"pos":[4803.99219,-6003.20898,-525.001221],"rotationMatrix":[-0.292514354,-0.956261158,0,0.956261158,-0.292514354,0,0,0,1],"scale":1,"type":"tree_douglasfir_large_c2"}
{"ctxid":0,"pos":[4780.354,-5996.04834,-529.308044],"rotationMatrix":[-0.958577335,-0.284832448,0,0.284832448,-0.958577335,0,0,0,1],"scale":1,"type":"tree_douglasfir_large_c2"}
{"ctxid":0,"pos":[4771.64062,-5988.08154,-537.622925],"rotationMatrix":[-0.597451925,0.801904738,0,-0.801904738,-0.597451925,0,0,0,1],"scale":1,"type":"tree_douglasfir_large_c2"}
{"ctxid":0,"pos":[4781.9043,-6020.1001,-508.598358],"rotationMatrix":[0.895767748,-0.444522321,0,0.444522321,0.895767748,0,0,0,1],"scale":1,"type":"tree_douglasfir_large_c2"}
{"ctxid":0,"pos":[4726.82666,-6023.90625,-502.081421],"rotationMatrix":[-0.977280378,-0.21195063,0,0.21195063,-0.977280378,0,0,0,1],"scale":1,"type":"tree_douglasfir_large_c2"}
{"ctxid":0,"pos":[4720.25049,-6009.28809,-515.74707],"rotationMatrix":[-0.952422619,0.304780513,0,-0.304780513,-0.952422619,0,0,0,1],"scale":1,"type":"tree_douglasfir_large_c2"}
{"ctxid":0,"pos":[4735.92383,-6001.10645,-522.234558],"rotationMatrix":[0.941426933,0.337216973,0,-0.337216973,0.941426933,0,0,0,1],"scale":1,"type":"tree_douglasfir_large_c2"}
{"ctxid":0,"pos":[4691.18066,-5994.36133,-529.357239],"rotationMatrix":[0.965387702,-0.260819048,0,0.260819048,0.965387702,0,0,0,1],"scale":1,"type":"tree_douglasfir_large_c2"}
{"ctxid":0,"pos":[4671.19336,-6016.47705,-514.347046],"rotationMatrix":[-0.815605998,-0.578607678,0,0.578607678,-0.815605998,0,0,0,1],"scale":1,"type":"tree_douglasfir_large_c2"}
{"ctxid":0,"pos":[4891.27539,-6119.14795,-493.324463],"rotationMatrix":[0.573690295,-0.819072306,0,0.819072306,0.573690295,0,0,0,1],"scale":1,"type":"tree_douglasfir_large_c2"}
{"ctxid":0,"pos":[4915.25244,-6128.75391,-481.717804],"rotationMatrix":[-0.658830404,-0.752291501,0,0.752291501,-0.658830404,0,0,0,1],"scale":1,"type":"tree_douglasfir_large_c2"}
{"ctxid":0,"pos":[4884.0249,-6128.51855,-477.058105],"rotationMatrix":[0.85991776,0.510432541,0,-0.510432541,0.85991776,0,0,0,1],"scale":1,"type":"tree_douglasfir_large_c2"}
{"ctxid":0,"pos":[4921.7373,-5815.99561,-553.095276],"rotationMatrix":[0.397536039,-0.917586565,0,0.917586565,0.397536039,0,0,0,1],"scale":1,"type":"tree_douglasfir_large_c2"}
{"ctxid":0,"pos":[4931.90234,-5830.37256,-553.066772],"rotationMatrix":[-0.819931865,-0.572461128,0,0.572461128,-0.819931865,0,0,0,1],"scale":1,"type":"tree_douglasfir_large_c2"}
{"ctxid":0,"pos":[4908.87598,-5839.96143,-552.493042],"rotationMatrix":[-0.167058259,0.985947013,0,-0.985947013,-0.167058259,0,0,0,1],"scale":1,"type":"tree_douglasfir_large_c2"}
{"ctxid":0,"pos":[4906.41797,-5832.32812,-552.599548],"rotationMatrix":[-0.487966001,0.872862637,0,-0.872862637,-0.487966001,0,0,0,1],"scale":1,"type":"tree_douglasfir_large_c2"}
{"ctxid":0,"pos":[4898.12891,-5824.39502,-552.663452],"rotationMatrix":[-0.660107791,0.751170874,0,-0.751170874,-0.660107791,0,0,0,1],"scale":1,"type":"tree_douglasfir_large_c2"}
{"ctxid":0,"pos":[4873.20459,-5866.55176,-551.95697],"rotationMatrix":[-0.999393523,0.0348217078,0,-0.0348217078,-0.999393523,0,0,0,1],"scale":1,"type":"tree_douglasfir_large_c2"}
{"ctxid":0,"pos":[4881.94238,-5866.45703,-551.941406],"rotationMatrix":[-0.0527799241,0.998606145,0,-0.998606145,-0.0527799241,0,0,0,1],"scale":1,"type":"tree_douglasfir_large_c2"}
{"ctxid":0,"pos":[4883.33203,-5896.21631,-551.333679],"rotationMatrix":[-0.597313046,-0.802008152,0,0.802008152,-0.597313046,0,0,0,1],"scale":1,"type":"tree_douglasfir_large_c2"}
{"ctxid":0,"pos":[4875.72852,-5874.57422,-551.813599],"rotationMatrix":[-0.0532737635,-0.998579919,0,0.998579919,-0.0532737635,0,0,0,1],"scale":1,"type":"tree_douglasfir_large_c2"}
{"ctxid":0,"pos":[4927.69775,-5911.65234,-551.260498],"rotationMatrix":[-0.373195052,-0.927752912,0,0.927752912,-0.373195052,0,0,0,1],"scale":1,"type":"tree_douglasfir_large_c2"}
{"ctxid":0,"pos":[4860.99609,-5946.35254,-550.651672],"rotationMatrix":[-0.0056655542,-0.999983966,0,0.999983966,-0.0056655542,0,0,0,1],"scale":1,"type":"tree_douglasfir_large_c2"}
{"ctxid":0,"pos":[4862.01416,-5953.14307,-550.54248],"rotationMatrix":[-0.951444805,-0.307819337,0,0.307819337,-0.951444805,0,0,0,1],"scale":1,"type":"tree_douglasfir_large_c2"}
{"ctxid":0,"pos":[4888.56299,-5935.42676,-550.965576],"rotationMatrix":[-0.907664835,-0.419695795,0,0.419695795,-0.907664835,0,0,0,1],"scale":1,"type":"tree_douglasfir_large_c2"}
{"ctxid":0,"pos":[4877.37109,-5966.09033,-550.503296],"rotationMatrix":[0.877786279,0.479052484,0,-0.479052484,0.877786279,0,0,0,1],"scale":1,"type":"tree_douglasfir_large_c2"}
{"ctxid":0,"pos":[4822.46143,-5980.56689,-548.012451],"rotationMatrix":[-0.837100565,-0.547049046,0,0.547049046,-0.837100565,0,0,0,1],"scale":1,"type":"tree_douglasfir_large_c2"}
{"ctxid":0,"pos":[4851.3833,-5969.61084,-550.177612],"rotationMatrix":[-0.86814791,0.496305525,0,-0.496305525,-0.86814791,0,0,0,1],"scale":1,"type":"tree_douglasfir_large_c2"}
{"ctxid":0,"pos":[4831.18311,-5949.29102,-550.728882],"rotationMatrix":[-0.988348186,0.152209803,0,-0.152209803,-0.988348186,0,0,0,1],"scale":1,"type":"tree_douglasfir_large_c2"}
{"ctxid":0,"pos":[4834.16455,-5967.04785,-550.273621],"rotationMatrix":[-0.233265072,0.972413182,0,-0.972413182,-0.233265072,0,0,0,1],"scale":1,"type":"tree_douglasfir_large_c2"}
{"ctxid":0,"pos":[4830.81836,-5965.10645,-550.362549],"rotationMatrix":[-0.83289665,-0.553428531,0,0.553428531,-0.83289665,0,0,0,1],"scale":1,"type":"tree_douglasfir_large_c2"}
{"ctxid":0,"pos":[4849.46094,-5917.45801,-551.087036],"rotationMatrix":[-0.979725897,0.200342685,0,-0.200342685,-0.979725897,0,0,0,1],"scale":1,"type":"tree_douglasfir_large_c2"}
{"ctxid":0,"pos":[4855.99609,-5915.47314,-551.140137],"rotationMatrix":[0.000262749207,0.99999994,0,-0.99999994,0.000262749207,0,0,0,1],"scale":1,"type":"tree_douglasfir_large_c2"}
{"ctxid":0,"pos":[4854.90137,-5872.05664,-551.917786],"rotationMatrix":[-0.989781916,-0.142589629,0,0.142589629,-0.989781916,0,0,0,1],"scale":1,"type":"tree_douglasfir_large_c2"}
{"ctxid":0,"pos":[4794.61523,-5931.9917,-551.510803],"rotationMatrix":[-0.937197208,-0.348799884,0,0.348799884,-0.937197208,0,0,0,1],"scale":1,"type":"tree_douglasfir_large_c2"}
{"ctxid":0,"pos":[4789.62842,-5890.93945,-552.963257],"rotationMatrix":[-0.618626714,0.785685062,0,-0.785685062,-0.618626714,0,0,0,1],"scale":1,"type":"tree_douglasfir_large_c2"}
{"ctxid":0,"pos":[4802.41504,-5912.16699,-552.104126],"rotationMatrix":[0.901514053,-0.432749778,0,0.432749778,0.901514053,0,0,0,1],"scale":1,"type":"tree_douglasfir_large_c2"}
{"ctxid":0,"pos":[4779.66846,-5894.74365,-553.170959],"rotationMatrix":[-0.574290454,-0.818651617,0,0.818651617,-0.574290454,0,0,0,1],"scale":1,"type":"tree_douglasfir_large_c2"}
{"ctxid":0,"pos":[4811.39307,-5990.81396,-539.481934],"rotationMatrix":[0.893233478,-0.449593097,0,0.449593097,0.893233478,0,0,0,1],"scale":1,"type":"tree_douglasfir_large_c2"}
{"ctxid":0,"pos":[4816.9624,-5968.22803,-549.034363],"rotationMatrix":[-0.0165955443,0.999862313,0,-0.999862313,-0.0165955443,0,0,0,1],"scale":1,"type":"tree_douglasfir_large_c2"}
{"ctxid":0,"pos":[4814.09717,-5984.24805,-545.87262],"rotationMatrix":[-0.984338403,-0.176289365,0,0.176289365,-0.984338403,0,0,0,1],"scale":1,"type":"tree_douglasfir_large_c2"}
{"ctxid":0,"pos":[4771.24268,-5982.4209,-545.102783],"rotationMatrix":[-0.755587101,0.655048192,0,-0.655048192,-0.755587101,0,0,0,1],"scale":1,"type":"tree_douglasfir_large_c2"}
{"ctxid":0,"pos":[4812.96729,-5973.67529,-548.417114],"rotationMatrix":[0.885434985,0.464763314,0,-0.464763314,0.885434985,0,0,0,1],"scale":1,"type":"tree_douglasfir_large_c2"}
{"ctxid":0,"pos":[4787.55273,-5971.36426,-551.36145],"rotationMatrix":[-0.171439201,0.985194683,0,-0.985194683,-0.171439201,0,0,0,1],"scale":1,"type":"tree_douglasfir_large_c2"}
{"ctxid":0,"pos":[4781.12451,-5985.13867,-544.375244],"rotationMatrix":[-0.683095932,0.730328619,0,-0.730328619,-0.683095932,0,0,0,1],"scale":1,"type":"tree_douglasfir_large_c2"}
{"ctxid":0,"pos":[4778.19043,-5922.97314,-552.61438],"rotationMatrix":[-0.801326513,-0.598227262,0,0.598227262,-0.801326513,0,0,0,1],"scale":1,"type":"tree_douglasfir_large_c2"}
{"ctxid":0,"pos":[4755.94092,-5914.85645,-553.359619],"rotationMatrix":[-0.967934489,-0.251202703,0,0.251202703,-0.967934489,0,0,0,1],"scale":1,"type":"tree_douglasfir_large_c2"}
{"ctxid":0,"pos":[4637.22803,-5976.83496,-538.052551],"rotationMatrix":[-0.999754786,0.0221447404,0,-0.0221447404,-0.999754786,0,0,0,1],"scale":1,"type":"tree_douglasfir_large_c2"}
{"ctxid":0,"pos":[4644.13428,-5946.39746,-525.398315],"rotationMatrix":[0.0288772527,-0.999582946,0,0.999582946,0.0288772527,0,0,0,1],"scale":1,"type":"tree_douglasfir_large_c2"}
{"ctxid":0,"pos":[4613.89648,-5962.72314,-527.993286],"rotationMatrix":[0.999769032,0.0214920826,0,-0.0214920826,0.999769032,0,0,0,1],"scale":1,"type":"tree_douglasfir_large_c2"}
{"ctxid":0,"pos":[2900.40894,2257.63452,-548.912598],"rotationMatrix":[0.115751527,-0.993278205,0,0.993278205,0.115751527,0,0,0,1],"scale":1,"type":"tree_douglasfir_large_c2"}
{"ctxid":0,"pos":[2920.05859,2253.55713,-549.005005],"rotationMatrix":[-0.366941243,-0.930244148,0,0.930244148,-0.366941243,0,0,0,1],"scale":1,"type":"tree_douglasfir_large_c2"}
{"ctxid":0,"pos":[2907.55396,2224.65063,-543.482422],"rotationMatrix":[0.605380177,-0.795936465,0,0.795936465,0.605380177,0,0,0,1],"scale":1,"type":"tree_douglasfir_large_c2"}
{"ctxid":0,"pos":[2913.75879,2224.31616,-543.695312],"rotationMatrix":[0.356352597,0.934351563,0,-0.934351563,0.356352597,0,0,0,1],"scale":1,"type":"tree_douglasfir_large_c2"}
{"ctxid":0,"pos":[2909.43945,2201.13086,-538.053406],"rotationMatrix":[0.131915435,-0.991260946,0,0.991260946,0.131915435,0,0,0,1],"scale":1,"type":"tree_douglasfir_large_c2"}
{"ctxid":0,"pos":[3044.22144,2187.65845,-542.084229],"rotationMatrix":[-0.873234928,-0.487299442,0,0.487299442,-0.873234928,0,0,0,1],"scale":1,"type":"tree_douglasfir_large_c2"}
{"ctxid":0,"pos":[3037.64087,2186.72266,-540.306152],"rotationMatrix":[0.941640079,-0.336621314,0,0.336621314,0.941640079,0,0,0,1],"scale":1,"type":"tree_douglasfir_large_c2"}
{"ctxid":0,"pos":[3218.43774,2039.36316,-532.244751],"rotationMatrix":[0.416128486,0.909305811,0,-0.909305811,0.416128486,0,0,0,1],"scale":1,"type":"tree_douglasfir_large_c2"}
{"ctxid":0,"pos":[4911.44482,2710.52075,-239.009125],"rotationMatrix":[-0.769651532,0.638464212,0,-0.638464212,-0.769651532,0,0,0,1],"scale":1,"type":"tree_douglasfir_large_c2"}
{"ctxid":0,"pos":[4778.9458,1852.17627,-304.108887],"rotationMatrix":[0.942927063,0.332999289,0,-0.332999289,0.942927063,0,0,0,1],"scale":1,"type":"tree_douglasfir_large_c2"}
{"ctxid":0,"pos":[1677.54175,2254.0166,-548.22229],"rotationMatrix":[0.990288973,-0.139024496,0,0.139024496,0.990288973,0,0,0,1],"scale":1,"type":"tree_douglasfir_large_c2"}
{"ctxid":0,"pos":[2138.11572,2279.16162,-551.21814],"rotationMatrix":[-0.999772668,-0.0213215016,0,0.0213215016,-0.999772668,0,0,0,1],"scale":1,"type":"tree_douglasfir_large_c2"}
{"ctxid":0,"pos":[2127.06934,2280.79785,-551.517334],"rotationMatrix":[0.815323174,-0.579006135,0,0.579006135,0.815323174,0,0,0,1],"scale":1,"type":"tree_douglasfir_large_c2"}
{"ctxid":0,"pos":[2128.71094,2277.43286,-551.306885],"rotationMatrix":[0.167342886,-0.985898733,0,0.985898733,0.167342886,0,0,0,1],"scale":1,"type":"tree_douglasfir_large_c2"}
{"ctxid":0,"pos":[2467.0271,2247.42188,-553.457642],"rotationMatrix":[-0.239616215,0.970867693,0,-0.970867693,-0.239616215,0,0,0,1],"scale":1,"type":"tree_douglasfir_large_c2"}
{"ctxid":0,"pos":[2553.07568,2268.68604,-552.348816],"rotationMatrix":[0.851017237,-0.525137782,0,0.525137782,0.851017237,0,0,0,1],"scale":1,"type":"tree_douglasfir_large_c2"}
{"ctxid":0,"pos":[5360.70264,-1531.38196,-543.631348],"rotationMatrix":[-0.543550074,0.839376748,0,-0.839376748,-0.543550074,0,0,0,1],"scale":1,"type":"tree_douglasfir_large_c2"}
{"ctxid":0,"pos":[5376.09033,-1517.17444,-544.018555],"rotationMatrix":[-0.636452019,-0.77131629,0,0.77131629,-0.636452019,0,0,0,1],"scale":1,"type":"tree_douglasfir_large_c2"}
{"ctxid":0,"pos":[5391.18213,-1540.97876,-544.310303],"rotationMatrix":[-0.999869704,0.0161429457,0,-0.0161429457,-0.999869704,0,0,0,1],"scale":1,"type":"tree_douglasfir_large_c2"}
{"ctxid":0,"pos":[5377.47021,-1496.08105,-545.413269],"rotationMatrix":[-0.885130107,-0.465343595,0,0.465343595,-0.885130107,0,0,0,1],"scale":1,"type":"tree_douglasfir_large_c2"}
{"ctxid":0,"pos":[5345.32324,-1503.69592,-544.266357],"rotationMatrix":[-0.249694318,-0.968324721,0,0.968324721,-0.249694318,0,0,0,1],"scale":1,"type":"tree_douglasfir_large_c2"}
{"ctxid":0,"pos":[5339.35449,-1506.71619,-543.96521],"rotationMatrix":[0.821127236,0.57074523,0,-0.57074523,0.821127236,0,0,0,1],"scale":1,"type":"tree_douglasfir_large_c2"}
{"ctxid":0,"pos":[5317.28174,-1523.0946,-542.862427],"rotationMatrix":[-0.500300229,-0.865851998,0,0.865851998,-0.500300229,0,0,0,1],"scale":1,"type":"tree_douglasfir_large_c2"}
{"ctxid":0,"pos":[5263.81104,-1606.60034,-541.986145],"rotationMatrix":[0.3752307,-0.926931441,0,0.926931441,0.3752307,0,0,0,1],"scale":1,"type":"tree_douglasfir_large_c2"}
{"ctxid":0,"pos":[5248.54199,-2247.74268,-539.61499],"rotationMatrix":[0.625981271,-0.779838085,0,0.779838085,0.625981271,0,0,0,1],"scale":1,"type":"tree_douglasfir_large_c2"}
{"ctxid":0,"pos":[5248.104,-2240.04224,-541.621216],"rotationMatrix":[-0.995965183,0.0897405893,0,-0.0897405893,-0.995965183,0,0,0,1],"scale":1,"type":"tree_douglasfir_large_c2"}
{"ctxid":0,"pos":[5296.27734,-2287.30371,-539.13269],"rotationMatrix":[0.969993711,0.243130088,0,-0.243130088,0.969993711,0,0,0,1],"scale":1,"type":"tree_douglasfir_large_c2"}
{"ctxid":0,"pos":[4915.72412,-2049.74756,-542.071411],"rotationMatrix":[0.9472754,-0.320420504,0,0.320420504,0.9472754,0,0,0,1],"scale":1,"type":"tree_douglasfir_large_c2"}
{"ctxid":0,"pos":[4928.7334,-2046.41028,-542.097534],"rotationMatrix":[0.962588191,0.270968586,0,-0.270968586,0.962588191,0,0,0,1],"scale":1,"type":"tree_douglasfir_large_c2"}
{"ctxid":0,"pos":[5021.94043,-6618.63574,-538.196899],"rotationMatrix":[-0.461497903,0.887141287,0,-0.887141287,-0.461497903,0,0,0,1],"scale":1,"type":"tree_douglasfir_large_c2"}
{"ctxid":0,"pos":[5023.94824,-6615.3667,-538.535767],"rotationMatrix":[0.368052453,0.92980504,0,-0.92980504,0.368052453,0,0,0,1],"scale":1,"type":"tree_douglasfir_large_c2"}
{"ctxid":0,"pos":[3892.50244,-5272.76562,-500.215912],"rotationMatrix":[0.703082621,0.711108208,0,-0.711108208,0.703082621,0,0,0,1],"scale":1,"type":"tree_douglasfir_large_c2"}
{"ctxid":0,"pos":[2303.98584,-5183.08105,-509.15979],"rotationMatrix":[-0.577770054,0.816199541,0,-0.816199541,-0.577770054,0,0,0,1],"scale":1,"type":"tree_douglasfir_large_c2"}
{"ctxid":0,"pos":[2308.5249,-5171.6543,-509.375305],"rotationMatrix":[0.843816996,0.536630988,0,-0.536630988,0.843816996,0,0,0,1],"scale":1,"type":"tree_douglasfir_large_c2"}
{"ctxid":0,"pos":[2317.47729,-5139.5083,-509.492371],"rotationMatrix":[0.599201441,0.800598323,0,-0.800598323,0.599201441,0,0,0,1],"scale":1,"type":"tree_douglasfir_large_c2"}
{"ctxid":0,"pos":[2398.05371,-5333.22021,-489.178955],"rotationMatrix":[-0.674289644,-0.738466978,0,0.738466978,-0.674289644,0,0,0,1],"scale":1,"type":"tree_douglasfir_large_c2"}
{"ctxid":0,"pos":[4564.29834,-490.540283,-314.6073],"rotationMatrix":[-0.0065669422,0.999978423,0,-0.999978423,-0.0065669422,0,0,0,1],"scale":1,"type":"tree_douglasfir_large_c2"}
{"ctxid":1,"pos":[5383.08984,-5997.57861,-552.385925],"rotationMatrix":[-0.981326401,-0.192349434,0,0.192349434,-0.981326401,0,0,0,0.999999881],"scale":1,"type":"tree_douglasfir_large_c2"}
{"ctxid":1,"pos":[5409.88818,-6034.28564,-553.170654],"rotationMatrix":[-0.419481039,-0.907764077,0,0.907764077,-0.419481039,0,0,0,0.999999881],"scale":1,"type":"tree_douglasfir_large_c2"}
{"ctxid":1,"pos":[5419.38086,-6068.08496,-553.491455],"rotationMatrix":[0.27408126,-0.96170646,0,0.96170646,0.27408126,0,0,0,0.999999881],"scale":1,"type":"tree_douglasfir_large_c2"}
{"ctxid":1,"pos":[5397.5752,-6015.89404,-552.866211],"rotationMatrix":[0.184524983,0.982827783,0,-0.982827783,0.184524983,0,0,0,0.999999881],"scale":1,"type":"tree_douglasfir_large_c2"}
{"ctxid":1,"pos":[5408.81152,-6084.63477,-553.888],"rotationMatrix":[-0.817498326,-0.575930953,0,0.575930953,-0.817498326,0,0,0,0.999999881],"scale":1,"type":"tree_douglasfir_large_c2"}
{"ctxid":1,"pos":[5409.45703,-6078.73389,-553.847107],"rotationMatrix":[-0.527651548,0.849460721,0,-0.849460721,-0.527651548,0,0,0,0.999999881],"scale":1,"type":"tree_douglasfir_large_c2"}
{"ctxid":1,"pos":[5465.01562,-6073.80029,-552.994629],"rotationMatrix":[-0.381734729,-0.924271822,0,0.924271822,-0.381734729,0,0,0,0.999999881],"scale":1,"type":"tree_douglasfir_large_c2"}
{"ctxid":1,"pos":[5445.53809,-6063.99121,-553.064575],"rotationMatrix":[0.950636566,0.31030637,0,-0.31030637,0.950636566,0,0,0,0.999999881],"scale":1,"type":"tree_douglasfir_large_c2"}
{"ctxid":1,"pos":[5433.26904,-6054.84131,-553.105103],"rotationMatrix":[0.128348693,-0.991728961,0,0.991728961,0.128348693,0,0,0,0.999999881],"scale":1,"type":"tree_douglasfir_large_c2"}
{"ctxid":1,"pos":[5444.91553,-6121.55225,-553.026978],"rotationMatrix":[-0.397260785,-0.917705715,0,0.917705715,-0.397260785,0,0,0,0.999999881],"scale":1,"type":"tree_douglasfir_large_c2"}
{"ctxid":1,"pos":[5383.99414,-6145.38379,-554.420105],"rotationMatrix":[0.988348544,0.152206942,0,-0.152206942,0.988348544,0,0,0,0.999999881],"scale":1,"type":"tree_douglasfir_large_c2"}
{"ctxid":1,"pos":[5367.96533,-6116.3667,-555.064819],"rotationMatrix":[-0.193999037,-0.981001675,0,0.981001675,-0.193999037,0,0,0,0.999999881],"scale":1,"type":"tree_douglasfir_large_c2"}
{"ctxid":1,"pos":[5310.53076,-6127.61182,-556.422058],"rotationMatrix":[-0.677142799,-0.735851586,0,0.735851586,-0.677142799,0,0,0,0.999999881],"scale":1,"type":"tree_douglasfir_large_c2"}
{"ctxid":1,"pos":[5265.09521,-6115.32959,-549.828064],"rotationMatrix":[0.50872606,0.860928476,0,-0.860928476,0.50872606,0,0,0,0.999999881],"scale":1,"type":"tree_douglasfir_large_c2"}
{"ctxid":1,"pos":[5259.38281,-6124.63574,-549.460571],"rotationMatrix":[0.396040261,-0.918233097,0,0.918233097,0.396040261,0,0,0,0.999999881],"scale":1,"type":"tree_douglasfir_large_c2"}
{"ctxid":1,"pos":[5276.6709,-6125.22168,-551.103271],"rotationMatrix":[-0.999474823,-0.0324005708,0,0.0324005708,-0.999474823,0,0,0,0.999999881],"scale":1,"type":"tree_douglasfir_large_c2"}
{"ctxid":1,"pos":[5260.04541,-6146.72705,-556.596069],"rotationMatrix":[-0.992721379,-0.120433204,0,0.120433204,-0.992721379,0,0,0,0.999999881],"scale":1,"type":"tree_douglasfir_large_c2"}
{"ctxid":1,"pos":[5251.43604,-6128.08105,-548.976013],"rotationMatrix":[0.0951238945,0.995465338,0,-0.995465338,0.0951238945,0,0,0,0.999999881],"scale":1,"type":"tree_douglasfir_large_c2"}
{"ctxid":1,"pos":[5223.23096,-6137.01074,-546.740051],"rotationMatrix":[0.923663795,-0.383203477,0,0.383203477,0.923663795,0,0,0,0.999999881],"scale":1,"type":"tree_douglasfir_large_c2"}
{"ctxid":1,"pos":[5266.58301,-6165.07227,-556.739502],"rotationMatrix":[0.526901126,-0.849926531,0,0.849926531,0.526901126,0,0,0,0.999999881],"scale":1,"type":"tree_douglasfir_large_c2"}
{"ctxid":1,"pos":[5274.17871,-6166.78125,-556.819946],"rotationMatrix":[0.167917773,0.985800922,0,-0.985800922,0.167917773,0,0,0,0.999999881],"scale":1,"type":"tree_douglasfir_large_c2"}
{"ctxid":1,"pos":[5322.95947,-6169.81201,-555.972839],"rotationMatrix":[-0.702557325,0.711626887,0,-0.711626887,-0.702557325,0,0,0,0.999999881],"scale":1,"type":"tree_douglasfir_large_c2"}
{"ctxid":1,"pos":[5238.52832,-6072.98535,-549.243774],"rotationMatrix":[-0.878354549,0.478009522,0,-0.478009522,-0.878354549,0,0,0,0.999999881],"scale":1,"type":"tree_douglasfir_large_c2"}
{"ctxid":1,"pos":[5247.16406,-6075.3418,-549.442505],"rotationMatrix":[0.594103336,0.804388702,0,-0.804388702,0.594103336,0,0,0,0.999999881],"scale":1,"type":"tree_douglasfir_large_c2"}
{"ctxid":1,"pos":[5259.54785,-6085.86279,-549.983215],"rotationMatrix":[0.015854558,-0.999874234,0,0.999874234,0.015854558,0,0,0,0.999999881],"scale":1,"type":"tree_douglasfir_large_c2"}
{"ctxid":1,"pos":[5304.87305,-5969.92432,-551.128418],"rotationMatrix":[-0.309953272,-0.950751662,0,0.950751662,-0.309953272,0,0,0,0.999999881],"scale":1,"type":"tree_douglasfir_large_c2"}
{"ctxid":1,"pos":[5311.68799,-6004.12158,-553.18988],"rotationMatrix":[0.686468959,0.727159083,0,-0.727159083,0.686468959,0,0,0,0.999999881],"scale":1,"type":"tree_douglasfir_large_c2"}
{"ctxid":1,"pos":[5264.72852,-6016.72998,-553.47522],"rotationMatrix":[0.948259652,0.317495793,0,-0.317495793,0.948259652,0,0,0,0.999999881],"scale":1,"type":"tree_douglasfir_large_c2"}
{"ctxid":1,"pos":[5263.20068,-6006.12305,-552.960999],"rotationMatrix":[-0.572757542,0.819724619,0,-0.819724619,-0.572757542,0,0,0,0.999999881],"scale":1,"type":"tree_douglasfir_large_c2"}
{"ctxid":1,"pos":[5280.41455,-6054.68799,-554.714844],"rotationMatrix":[0.490672112,0.871344328,0,-0.871344328,0.490672112,0,0,0,0.999999881],"scale":1,"type":"tree_douglasfir_large_c2"}
{"ctxid":1,"pos":[5299.77539,-6032.45752,-554.579102],"rotationMatrix":[-0.231485829,0.972838163,0,-0.972838163,-0.231485829,0,0,0,0.999999881],"scale":1,"type":"tree_douglasfir_large_c2"}
{"ctxid":1,"pos":[5292.85059,-6063.22852,-552.845886],"rotationMatrix":[-0.998517215,-0.0544354245,0,0.0544354245,-0.998517215,0,0,0,0.999999881],"scale":1,"type":"tree_douglasfir_large_c2"}
{"ctxid":1,"pos":[5266.97314,-6057.9292,-554.443726],"rotationMatrix":[0.644404531,-0.764684677,0,0.764684677,0.644404531,0,0,0,0.999999881],"scale":1,"type":"tree_douglasfir_large_c2"}
{"ctxid":1,"pos":[5233.80859,-6026.56055,-553.173218],"rotationMatrix":[0.999137282,0.0415275432,0,-0.0415275432,0.999137282,0,0,0,0.999999881],"scale":1,"type":"tree_douglasfir_large_c2"}
{"ctxid":1,"pos":[5259.86914,-6167.66455,-556.593384],"rotationMatrix":[0.841166079,0.540776789,0,-0.540776789,0.841166079,0,0,0,0.999999881],"scale":1,"type":"tree_douglasfir_large_c2"}
{"ctxid":1,"pos":[5221.8667,-6050.16309,-553.401001],"rotationMatrix":[0.980030358,0.198847935,0,-0.198847935,0.980030358,0,0,0,0.999999881],"scale":1,"type":"tree_douglasfir_large_c2"}
{"ctxid":1,"pos":[5216.45996,-6045.16064,-553.188049],"rotationMatrix":[0.756996155,-0.653419197,0,0.653419197,0.756996155,0,0,0,0.999999881],"scale":1,"type":"tree_douglasfir_large_c2"}
{"ctxid":1,"pos":[5180.47852,-6048.3208,-552.937622],"rotationMatrix":[-0.0025737891,0.999996603,0,-0.999996603,-0.0025737891,0,0,0,0.999999881],"scale":1,"type":"tree_douglasfir_large_c2"}
{"ctxid":1,"pos":[5179.4458,-6076.65625,-550.683044],"rotationMatrix":[-0.551717699,0.834030688,0,-0.834030688,-0.551717699,0,0,0,0.999999881],"scale":1,"type":"tree_douglasfir_large_c2"}
{"ctxid":1,"pos":[5175.56201,-6047.25586,-552.923279],"rotationMatrix":[0.829683363,-0.558234036,0,0.558234036,0.829683363,0,0,0,0.999999881],"scale":1,"type":"tree_douglasfir_large_c2"}
{"ctxid":1,"pos":[5119.18311,-6019.3418,-552.704468],"rotationMatrix":[-0.284659088,0.958628714,0,-0.958628714,-0.284659088,0,0,0,0.999999881],"scale":1,"type":"tree_douglasfir_large_c2"}
{"ctxid":1,"pos":[5155.97217,-6058.33447,-553.192627],"rotationMatrix":[-0.474653691,0.880172491,0,-0.880172491,-0.474653691,0,0,0,0.999999881],"scale":1,"type":"tree_douglasfir_large_c2"}
{"ctxid":1,"pos":[5166.12939,-6050.27295,-552.963989],"rotationMatrix":[-0.44671157,0.894677877,0,-0.894677877,-0.44671157,0,0,0,0.999999881],"scale":1,"type":"tree_douglasfir_large_c2"}
{"ctxid":1,"pos":[5157.08154,-6068.37598,-553.343384],"rotationMatrix":[0.429237604,0.903191626,0,-0.903191626,0.429237604,0,0,0,0.999999881],"scale":1,"type":"tree_douglasfir_large_c2"}
{"ctxid":1,"pos":[5118.6123,-6048.85547,-553.120361],"rotationMatrix":[0.102919802,0.994689584,0,-0.994689584,0.102919802,0,0,0,0.999999881],"scale":1,"type":"tree_douglasfir_large_c2"}
{"ctxid":1,"pos":[5015.43262,-6039.87988,-549.662964],"rotationMatrix":[0.396038532,0.918233931,0,-0.918233931,0.396038532,0,0,0,0.999999881],"scale":1,"type":"tree_douglasfir_large_c2"}
{"ctxid":1,"pos":[5078.03613,-6030.63623,-552.87439],"rotationMatrix":[-0.18365334,0.982990921,0,-0.982990921,-0.18365334,0,0,0,0.999999881],"scale":1,"type":"tree_douglasfir_large_c2"}
{"ctxid":1,"pos":[5075.10156,-6018.69727,-552.661804],"rotationMatrix":[-0.191959545,0.981402695,0,-0.981402695,-0.191959545,0,0,0,0.999999881],"scale":1,"type":"tree_douglasfir_large_c2"}
{"ctxid":1,"pos":[4978.43945,-6012.86816,-552.414673],"rotationMatrix":[0.994348943,-0.106159754,0,0.106159754,0.994348943,0,0,0,0.999999881],"scale":1,"type":"tree_douglasfir_large_c2"}
{"ctxid":1,"pos":[5058.10547,-6076.56787,-529.369385],"rotationMatrix":[-0.598403454,-0.801194787,0,0.801194787,-0.598403454,0,0,0,0.999999881],"scale":1,"type":"tree_douglasfir_large_c2"}
