{"name":"PointLight_31","class":"PointLight","__parent":"Zone3","position":[1468.74744,-55.6743011,-545.079346],"color":[0.686274529,0.972549081,1,1],"radius":19,"rotationMatrix":[0.499589682,0.866261959,0,0.866225719,-0.499568731,-0.00914463401,-0.00792164821,0.00456853211,-0.999957979]}
{"name":"PointLight_34","class":"PointLight","__parent":"Zone3","position":[1333.93567,22.3952961,-543.655457],"color":[0.686274529,0.972549081,1,1],"radius":19,"rotationMatrix":[0.499589682,0.866261959,0,0.866225719,-0.499568731,-0.00914463401,-0.00792164821,0.00456853211,-0.999957979]}
{"name":"PointLight_29","class":"PointLight","__parent":"Zone3","position":[1551.18701,-103.267555,-545.949402],"color":[0.687803507,0.971205652,1,1],"radius":19,"rotationMatrix":[0.499589682,0.866261959,0,0.866225719,-0.499568731,-0.00914463401,-0.00792164821,0.00456853211,-0.999957979]}
{"name":"PointLight_30","class":"PointLight","__parent":"Zone3","position":[1510.9812,-79.0472412,-545.520447],"color":[0.686274529,0.972549081,1,1],"radius":19,"rotationMatrix":[0.499589682,0.866261959,0,0.866225719,-0.499568731,-0.00914463401,-0.00792164821,0.00456853211,-0.999957979]}
{"name":"PointLight_35","class":"PointLight","__parent":"Zone3","position":[1284.37732,50.336113,-543.135498],"color":[0.686274529,0.972549081,1,1],"radius":19,"rotationMatrix":[0.499589682,0.866261959,0,0.866225719,-0.499568731,-0.00914463401,-0.00792164821,0.00456853211,-0.999957979]}
{"name":"PointLight_33","class":"PointLight","__parent":"Zone3","position":[1380.41248,-4.37393475,-544.145691],"color":[0.686274529,0.972549081,1,1],"fadeStartDistance":1.49011612e-08,"radius":19,"rotationMatrix":[0.499589682,0.866261959,0,0.866225719,-0.499568731,-0.00914463401,-0.00792164821,0.00456853211,-0.999957979]}
{"name":"PointLight_32","class":"PointLight","__parent":"Zone3","position":[1415.73975,-24.8808193,-544.519043],"color":[0.686274529,0.972549081,1,1],"radius":19,"rotationMatrix":[0.499589682,0.866261959,0,0.866225719,-0.499568731,-0.00914463401,-0.00792164821,0.00456853211,-0.999957979]}
{"name":"PointLight_36","class":"PointLight","__parent":"Zone3","position":[1531.16333,-91.7194672,-545.813416],"color":[0.687803507,0.971205652,1,1],"radius":19,"rotationMatrix":[0.499589682,0.866261959,0,0.866225719,-0.499568731,-0.00914463401,-0.00792164821,0.00456853211,-0.999957979],"shadowDarkenColor":[0,0,0,0]}
{"name":"PointLight_37","class":"PointLight","__parent":"Zone3","position":[1486.63623,-65.9911041,-545.268188],"color":[0.686274529,0.972549081,1,1],"radius":19,"rotationMatrix":[0.499589682,0.866261959,0,0.866225719,-0.499568731,-0.00914463401,-0.00792164821,0.00456853211,-0.999957979],"shadowDarkenColor":[0,0,0,0]}
{"name":"PointLight_38","class":"PointLight","__parent":"Zone3","position":[1441.94824,-39.9956207,-544.795654],"color":[0.686274529,0.972549081,1,1],"radius":19,"rotationMatrix":[0.499589682,0.866261959,0,0.866225719,-0.499568731,-0.00914463401,-0.00792164821,0.00456853211,-0.999957979],"shadowDarkenColor":[0,0,0,0]}
{"name":"PointLight_39","class":"PointLight","__parent":"Zone3","position":[1357.23962,8.9902668,-543.901062],"color":[0.686274529,0.972549081,1,1],"fadeStartDistance":1.49011612e-08,"radius":19,"rotationMatrix":[0.499589682,0.866261959,0,0.866225719,-0.499568731,-0.00914463401,-0.00792164821,0.00456853211,-0.999957979],"shadowDarkenColor":[0,0,0,0]}
{"name":"PointLight_40","class":"PointLight","__parent":"Zone3","position":[1308.37952,36.4935341,-543.388977],"color":[0.686274529,0.972549081,1,1],"radius":19,"rotationMatrix":[0.499589682,0.866261959,0,0.866225719,-0.499568731,-0.00914463401,-0.00792164821,0.00456853211,-0.999957979],"shadowDarkenColor":[0,0,0,0]}
{"name":"PointLight_41","class":"PointLight","__parent":"Zone3","position":[1264.68933,61.4761505,-542.928711],"color":[0.686274529,0.972549081,1,1],"radius":19,"rotationMatrix":[0.499589682,0.866261959,0,0.866225719,-0.499568731,-0.00914463401,-0.00792164821,0.00456853211,-0.999957979],"shadowDarkenColor":[0,0,0,0]}
