{"name":"spawns_farm1","class":"SpawnSphere","persistentId":"a076fb8f-c911-4ea5-bcb5-66e89ee4966b","__parent":"spawns","position":[-992.884766,-5176.89014,-521.932373],"dataBlock":"SpawnSphereMarker","radius":1,"rotationMatrix":[0.083533287,-0.996504605,0.000688121363,0.996504843,0.0835334063,0.000163881457,-0.000220789691,0.000672026828,0.999999762],"spawnClass":"player","sphereWeight":"1"}
{"name":"spawns_bolford","class":"SpawnSphere","persistentId":"211fd70e-f933-44cd-ba8d-925b340ef152","__parent":"spawns","position":[-563.450562,-30.2168331,-543.998779],"dataBlock":"SpawnSphereMarker","radius":1,"rotationMatrix":[0.0188034177,-0.999822915,0.000689312641,0.999823153,0.0188034177,4.10479843e-05,-5.40021574e-05,0.000688418979,0.999999762],"spawnClass":"player","sphereWeight":"1"}
{"name":"spawns_gas_station","class":"SpawnSphere","persistentId":"0f66c658-8bed-4577-a085-32bb91408062","__parent":"spawns","position":[322.402191,-2043.13184,-519.572205],"dataBlock":"SpawnSphereMarker","radius":1,"rotationMatrix":[-0.645568013,-0.763702214,0.000688121305,0.763702452,-0.645568013,0.000163881326,0.000319072744,0.000631316565,0.999999762],"spawnClass":"player","sphereWeight":"1"}
{"name":"spawns_refinery1","class":"SpawnSphere","persistentId":"6935cbbd-2e3c-47a1-a9b2-cc5c40efdb22","__parent":"spawns","position":[-3227.64087,-6739.52539,-556.537842],"dataBlock":"SpawnSphereMarker","radius":1,"rotationMatrix":[0.785892427,-0.618362784,0.000689312525,0.618362904,0.785892606,4.10478679e-05,-0.000567108102,0.000393986178,0.999999762],"spawnClass":"player","sphereWeight":"1"}
{"name":"spawns_hospital","class":"SpawnSphere","persistentId":"9efbf7ae-cb0e-4685-bafb-61f5002256dd","__parent":"spawns","position":[5218.05371,-989.593872,-517.439087],"autoplaceOnSpawn":"0","cloneOrigin":"spawns_sawmill1","dataBlock":"SpawnSphereMarker","enabled":"1","homingCount":"0","indoorWeight":"1","isAIControlled":"0","lockCount":"0","outdoorWeight":"1","radius":5,"rotationMatrix":[-0.740439177,-0.672123551,0,0.672123551,-0.740439177,0,0,0,1],"sphereWeight":"1"}
{"name":"spawns_logging","class":"SpawnSphere","persistentId":"9efbf7ae-cb0e-4685-bafb-61f5002256dd","__parent":"spawns","position":[2030.13806,-2014.42078,-424.182312],"autoplaceOnSpawn":"0","cloneOrigin":"spawns_sawmill1","dataBlock":"SpawnSphereMarker","enabled":"1","homingCount":"0","indoorWeight":"1","isAIControlled":"0","lockCount":"0","outdoorWeight":"1","radius":5,"rotationMatrix":[-0.264284492,0.964444757,0,-0.964444757,-0.264284492,0,0,0,1],"sphereWeight":"1"}
{"name":"spawns_farm2","class":"SpawnSphere","persistentId":"eac9bd56-a87a-45fa-8544-0a6e827a4ba1","__parent":"spawns","position":[1536.32666,2381.16748,-545.185852],"dataBlock":"SpawnSphereMarker","radius":1,"rotationMatrix":[0.645531654,-0.763733149,0.000655776064,0.763733387,0.645531654,-0.00026518997,-0.000220789807,0.000672026654,0.999999762],"spawnClass":"player","sphereWeight":"1"}
{"name":"spawns_logistics1","class":"SpawnSphere","persistentId":"b54093c7-0c57-4e07-b9b0-561ca5beca95","__parent":"spawns","position":[-3522.20459,-2774.25049,-509.921204],"autoplaceOnSpawn":"0","cloneOrigin":"spawns_sawmill1","dataBlock":"SpawnSphereMarker","enabled":"1","homingCount":"0","indoorWeight":"1","isAIControlled":"0","lockCount":"0","outdoorWeight":"1","radius":5,"rotationMatrix":[-0.977358937,0.211587325,0,-0.211587325,-0.977358937,0,0,0,1],"sphereWeight":"1"}
{"name":"spawns_highway","class":"SpawnSphere","persistentId":"0e4b55ad-099d-4524-8c1c-5ae433c05a3e","__parent":"spawns","position":[5069.40576,-2619.02271,-551.38562],"dataBlock":"SpawnSphereMarker","radius":1,"rotationMatrix":[1,0,0,0,0.999999762,-0.000690533896,0,0.000690533896,0.999999762],"spawnClass":"player","sphereWeight":"1"}
{"name":"spawns_dirttrack","class":"SpawnSphere","persistentId":"13f03256-f64f-4f95-b9e4-457f833e1447","__parent":"spawns","position":[506.978577,1352.53723,-563.722046],"dataBlock":"SpawnSphereMarker","radius":1,"rotationMatrix":[0.476123333,-0.87937814,-8.25821189e-10,0.879378319,0.476123035,-0.000690532441,0.000607240945,0.000328779221,0.999999762],"spawnClass":"player","sphereWeight":"1"}
{"name":"spawns_beach_arena","class":"SpawnSphere","persistentId":"6f8bfc85-890d-42cc-9e38-8f72d0454fbd","__parent":"spawns","position":[935.8396,3417.24097,-552.966064],"dataBlock":"SpawnSphereMarker","radius":1,"rotationMatrix":[0.967894137,-0.251357406,0.000647932058,0.251357585,0.967894256,-0.000238789959,-0.000567108043,0.000393986062,0.999999762],"spawnClass":"player","sphereWeight":"1"}
{"name":"spawns_swamp","class":"SpawnSphere","persistentId":"1c782e2e-48d9-43e3-b291-b28d9c6119d7","__parent":"spawns","position":[-1848.87183,269.877472,-546.03479],"dataBlock":"SpawnSphereMarker","radius":1,"rotationMatrix":[-1.78278003e-06,-0.999998629,-3.04680725e-10,0.999998868,-1.86171405e-06,-0.000690533314,0.000690533256,-1.41153578e-09,0.999999762],"spawnClass":"player","sphereWeight":"1"}
{"name":"spawns_road1","class":"SpawnSphere","persistentId":"241249d5-c765-4744-86ab-34378691ba9f","__parent":"spawns","position":[-2580.98755,1487.78601,-544.996521],"dataBlock":"SpawnSphereMarker","radius":1,"rotationMatrix":[0.539482951,-0.841996551,7.85803422e-10,0.841996312,0.539482832,-0.000690535177,0.000581427827,0.000372532639,0.999999762],"spawnClass":"player","sphereWeight":"1"}
{"name":"spawns_offroad","class":"SpawnSphere","persistentId":"613beeda-d67d-4f1f-8076-720f9cc01072","__parent":"spawns","position":[4370.31738,2064.19678,-413.561218],"dataBlock":"SpawnSphereMarker","radius":1,"rotationMatrix":[1,0,0,0,0.999999762,-0.000690533896,0,0.000690533896,0.999999762],"spawnClass":"player","sphereWeight":"1"}
{"name":"spawns_restaurant_fjord","class":"SpawnSphere","persistentId":"e9a211e3-d5c3-476a-828e-f4bf25ee69dc","__parent":"spawns","position":[942.327332,-6048.9834,-506.881042],"dataBlock":"SpawnSphereMarker","radius":1,"rotationMatrix":[0.861305118,-0.508087635,0.000688131899,0.50251615,0.852058768,0.146537796,-0.0750403702,-0.125867948,0.989204824],"spawnClass":"player","sphereWeight":"1"}
{"name":"spawns_mountain_map","class":"SpawnSphere","persistentId":"67c420e4-068d-424b-8ead-56206b7cef64","__parent":"spawns","position":[3690.22461,2421.88159,-419.695801],"dataBlock":"SpawnSphereMarker","radius":1,"rotationMatrix":[-0.322843432,0.94645226,0,-0.94645226,-0.322843432,0,0,0,1],"spawnClass":"BeamNGVehicle","spawnDatablock":"default_vehicle","sphereWeight":"1"}
{"name":"spawns_topgear","class":"SpawnSphere","persistentId":"6b8a605a-ed38-4b38-8b84-d5a9bf47c553","__parent":"spawns","position":[5512.59668,-472.207153,-546.25177],"dataBlock":"SpawnSphereMarker","radius":1,"rotationMatrix":[0.874412894,0.485182405,3.27418093e-11,-0.485182345,0.874412596,-0.000690533489,-0.000335034798,0.000603811233,0.999999762],"spawnClass":"player","sphereWeight":"1"}
{"name":"spawns_racetrack","class":"SpawnSphere","persistentId":"79b1f7ee-6235-4f19-8eaa-dca7473fdbea","__parent":"spawns","position":[-2316.8855,-1325.57837,-520.268372],"dataBlock":"SpawnSphereMarker","radius":1,"rotationMatrix":[0.00797436573,0.999969184,-2.19370122e-09,-0.999969304,0.00797426794,-0.000690535933,-0.000690511719,5.50614004e-06,0.999999762],"spawnClass":"player","sphereWeight":"1"}
{"name":"spawns_radio_station","class":"SpawnSphere","persistentId":"078159f1-40cf-4bce-b020-88f8e2217e55","__parent":"spawns","position":[2405.89722,-2529.50439,-327.267212],"dataBlock":"SpawnSphereMarker","radius":1,"rotationMatrix":[-0.997872472,-0.06519375,0.000688121421,0.0651938841,-0.99787271,0.000163881283,0.000675973482,0.000208393903,0.999999762],"spawnClass":"player","sphereWeight":"1"}
{"name":"desert_spawn","class":"SpawnSphere","persistentId":"a4f090ec-732f-4007-aead-ab60fb4da950","__parent":"spawns","position":[3953.98901,-5917.01074,-548.555786],"dataBlock":"SpawnSphereMarker","radius":1,"rotationMatrix":[1,0,0,0,0.999999762,-0.000690533896,0,0.000690533896,0.999999762],"spawnClass":"Player","sphereWeight":"1"}
{"name":"spawns_city","class":"SpawnSphere","persistentId":"a91717ed-b089-4376-a157-b9547206698b","__parent":"spawns","position":[5182.83789,-1313.13562,-545.22699],"dataBlock":"SpawnSphereMarker","radius":1,"rotationMatrix":[-0.692770243,0.721158087,-0.000497984234,-0.721158206,-0.692770004,0.000478381407,0,0.000690533896,0.999999762],"spawnClass":"player","sphereWeight":"1"}
{"name":"spawns_rally","class":"SpawnSphere","persistentId":"d25a9364-1324-4c71-beac-ed9c87ceb55a","__parent":"spawns","position":[-3694.2876,-4177.44971,-498.798431],"dataBlock":"SpawnSphereMarker","radius":1,"rotationMatrix":[-0.574949861,0.818188965,-8.73114914e-11,-0.818188727,-0.574949622,-0.000690533838,-0.000564987073,-0.000397022057,0.999999762],"spawnClass":"player","sphereWeight":"1"}
{"name":"spawns_mountain_lodge","class":"SpawnSphere","persistentId":"51e2bba3-99cc-4841-8fe1-5a99213b8956","__parent":"spawns","position":[2189.21509,162.597809,-542.680481],"dataBlock":"SpawnSphereMarker","radius":1,"rotationMatrix":[0.717900872,-0.696144938,0.000688131899,0.688557863,0.710221589,0.146537781,-0.10250026,-0.104725778,0.989204824],"spawnClass":"player","sphereWeight":"1"}
{"name":"spawns_sawmill_swamp","class":"SpawnSphere","persistentId":"3bfe4ea9-a354-434a-8a31-31ddb6c0eb69","__parent":"spawns","position":[-1671.44641,371.243835,-548.024048],"dataBlock":"SpawnSphereMarker","radius":1,"rotationMatrix":[0.989216864,-0.146458209,-6.4028427e-10,0.146458179,0.989216626,-0.000690533838,0.000101134974,0.000683087565,0.999999762],"spawnClass":"player","sphereWeight":"1"}
{"name":"spawns_sawmill_track","class":"SpawnSphere","persistentId":"5c1147ae-eddb-46af-ad50-050f9ad94728","__parent":"spawns","position":[-3611.7417,-1711.53003,-522.567993],"dataBlock":"SpawnSphereMarker","radius":1,"rotationMatrix":[0.890809655,0.454376698,0,-0.454376578,0.890809417,-0.000690533838,-0.000313762517,0.000615134195,0.999999762],"spawnClass":"player","sphereWeight":"1"}
{"name":"spawns_racetrack_parking","class":"SpawnSphere","persistentId":"0103af79-494d-43f4-b208-9a9cacfd05b0","__parent":"spawns","position":[-1640.06812,-1214.54688,-512.265442],"dataBlock":"SpawnSphereMarker","radius":1,"rotationMatrix":[0.758115768,0.652119935,-2.50292942e-09,-0.652119815,0.75811559,-0.000690533197,-0.000450308551,0.000523505732,0.999999762],"spawnClass":"player","sphereWeight":"1"}
{"name":"spawns_restaurant_riverend","class":"SpawnSphere","persistentId":"0a60fa8e-a9f6-4479-8d6c-5fbce845e406","__parent":"spawns","position":[1577.0874,1145.68115,-562.305237],"dataBlock":"SpawnSphereMarker","radius":1,"rotationMatrix":[0.957876861,-0.287178397,0.000688131899,0.2839818,0.947565854,0.146537766,-0.0427345335,-0.140169725,0.989204824],"spawnClass":"player","sphereWeight":"1"}
{"name":"spawns_restaurant_lake","class":"SpawnSphere","persistentId":"830487dc-8688-4faf-bd18-2b7d1ddb13e4","__parent":"spawns","position":[-3672.95312,-3962.24658,-491.578888],"dataBlock":"SpawnSphereMarker","radius":1,"rotationMatrix":[0.0835331678,-0.996504664,0.000688120723,0.985739231,0.0827319026,0.146537781,-0.146082535,-0.0115624294,0.989204824],"spawnClass":"player","sphereWeight":"1"}
{"name":"spawns_forest_lodge1","class":"SpawnSphere","persistentId":"4f215337-0733-4f0e-b9c1-7bfa5af12eca","__parent":"spawns","position":[4094.8667,-1044.93152,-550.784729],"dataBlock":"SpawnSphereMarker","radius":1,"rotationMatrix":[0.0709462762,-0.992679596,-0.0977422819,0.99219954,0.060161829,0.10917978,-0.102500208,-0.104725748,0.989204824],"spawnClass":"player","sphereWeight":"1"}
{"name":"spawns_sandmine","class":"SpawnSphere","persistentId":"fae90b93-5dda-4854-84bf-4947600e6bfd","__parent":"spawns","position":[3163.85425,-5722.8916,-553.761169],"dataBlock":"SpawnSphereMarker","radius":1,"rotationMatrix":[-0.962247729,0.272174835,0.000689312641,-0.272174895,-0.962247968,4.10478497e-05,0.000674461771,-0.000148115389,0.999999762],"spawnClass":"player","sphereWeight":"1"}
{"name":"spawns_forest_lodge2","class":"SpawnSphere","persistentId":"edee1c91-92c9-40a7-8d7f-0bea55597aca","__parent":"spawns","position":[4343.41455,2236.6394,-467.357391],"dataBlock":"SpawnSphereMarker","radius":1,"rotationMatrix":[0.196607351,-0.975066125,-0.102914318,0.978988826,0.2010144,-0.0342610143,0.0540940054,-0.0940160155,0.994100034],"spawnClass":"player","sphereWeight":"1"}
{"name":"spawns_upper_lake","class":"SpawnSphere","persistentId":"7e5ed86f-e4f4-4c90-8704-c15ea168f863","__parent":"spawns","position":[4880.69336,2725.60229,-233.467834],"dataBlock":"SpawnSphereMarker","radius":1,"rotationMatrix":[-1.78278003e-06,-0.999998629,-3.04680725e-10,0.999998868,-1.86171405e-06,-0.000690533314,0.000690533256,-1.41153578e-09,0.999999762],"spawnClass":"player","sphereWeight":"1"}
{"name":"spawns_cliff_lodge","class":"SpawnSphere","persistentId":"58062be8-6d15-4f22-b11e-243c16bcba55","__parent":"spawns","position":[6396.24463,2696.23389,-560.38208],"dataBlock":"SpawnSphereMarker","radius":1,"rotationMatrix":[0.961962104,0.273182869,-0.000136115937,-0.273182869,0.961961865,-0.000676984957,-5.40023611e-05,0.000688418455,0.999999762],"spawnClass":"player","sphereWeight":"1"}
{"name":"spawns_eastdale","class":"SpawnSphere","persistentId":"0c241763-f18c-459a-8f1a-d4d71c851c58","__parent":"spawns","position":[5365.76562,-6064.92285,-554.573792],"dataBlock":"SpawnSphereMarker","radius":1,"rotationMatrix":[-0.377496958,0.92601043,0.000689312583,-0.926010668,-0.377496958,4.10478387e-05,0.000298224273,-0.000622815453,0.999999762],"spawnClass":"player","sphereWeight":"1"}
{"name":"spawns_maryville","class":"SpawnSphere","persistentId":"dfc8aa4c-f0ea-4e07-84c3-86e4d5342653","__parent":"spawns","position":[4745.17236,-2744.25269,-560.143799],"dataBlock":"SpawnSphereMarker","radius":1,"rotationMatrix":[-0.416156769,-0.909292758,0.000603500928,0.909292996,-0.41615653,0.000335593999,-5.4002332e-05,0.000688418804,0.999999762],"spawnClass":"player","sphereWeight":"1"}
{"name":"spawns_ap_east","class":"SpawnSphere","persistentId":"7948e616-2326-41d7-949a-ecad6f34a55b","__parent":"spawns","position":[6207.42871,70.2959366,-545.866882],"dataBlock":"SpawnSphereMarker","radius":1,"rotationMatrix":[0.999242485,-0.0389165357,8.07522374e-05,0.0389165804,0.999242246,-0.000685795269,-5.40022666e-05,0.000688418339,0.999999762],"spawnClass":"player","sphereWeight":"1"}
{"name":"spawns_depot","class":"SpawnSphere","persistentId":"7732fd4d-b258-460f-b7d3-fcef0ffabc30","__parent":"spawns","position":[-665.191101,109.894028,-540.755676],"dataBlock":"SpawnSphereMarker","radius":1,"rotationMatrix":[-0.944826722,0.327570826,-0.000276528706,-0.327570945,-0.944826484,0.000632746494,-5.40023175e-05,0.000688418513,0.999999762],"spawnClass":"player","sphereWeight":"1"}
{"name":"spawns_airport_medium","class":"SpawnSphere","persistentId":"d41c7ab9-2c46-4892-bad9-56f914c7c00b","__parent":"spawns","position":[5371.35889,-5394.05469,-555.72052],"dataBlock":"SpawnSphereMarker","radius":1,"rotationMatrix":[-0.642866611,-0.765978098,-5.82076609e-11,0.765977859,-0.642866373,-0.000690533663,0.000528933597,-0.000443921104,0.999999762],"spawnClass":"player","sphereWeight":"1"}
{"name":"spawns_cave","class":"SpawnSphere","persistentId":"ea957dd5-ab7a-4f2a-ac5d-35625996f299","__parent":"spawns","position":[6090.38232,3444.97583,-538.931274],"dataBlock":"SpawnSphereMarker","radius":1,"rotationMatrix":[-0.574949861,0.818188965,-8.73114914e-11,-0.818188727,-0.574949622,-0.000690533838,-0.000564987073,-0.000397022057,0.999999762],"spawnClass":"player","sphereWeight":"1"}
{"name":"Level Gate","class":"SpawnSphere","persistentId":"c8f622d6-f4a6-45a1-b29d-93a891f06513","__parent":"spawns","position":[5515.63135,-585.459106,-545.993469],"dataBlock":"SpawnSphereMarker","radius":1,"rotationMatrix":[-0.391717196,0.920085132,-0.000654557487,-0.920085371,-0.391717196,0.00021997877,-5.4002332e-05,0.000688418397,0.999999762],"spawnClass":"player","sphereWeight":"1"}
{"name":"spawns_mountaintop","class":"SpawnSphere","persistentId":"b167ff3d-551a-4dba-93d1-8a4bf13d2f60","__parent":"spawns","position":[5927.30518,3033.98022,577.656433],"dataBlock":"SpawnSphereMarker","radius":1,"rotationMatrix":[-0.760836005,-0.648943961,0.00052538194,0.648943841,-0.760836244,-0.000448118924,0.000690533721,-1.62981451e-09,0.999999762],"spawnClass":"player","sphereWeight":"1"}
{"name":"spawns_farm3","class":"SpawnSphere","persistentId":"4571b074-a700-44f8-96f9-4df86f5818c0","__parent":"spawns","position":[5651.27002,-3684.33105,-549.879944],"dataBlock":"SpawnSphereMarker","radius":1,"rotationMatrix":[0.645531654,-0.763733149,0.000655776064,0.763733387,0.645531654,-0.00026518997,-0.000220789807,0.000672026654,0.999999762],"spawnClass":"player","sphereWeight":"1"}
{"name":"spawns_pancake","class":"SpawnSphere","persistentId":"7732fd4d-b258-460f-b7d3-fcef0ffabc30","__parent":"spawns","position":[4308.41309,1236.10535,-553.45575],"dataBlock":"SpawnSphereMarker","radius":1,"rotationMatrix":[-0.915784836,0.401670158,-0.000325971749,-0.401670277,-0.915784597,0.000608751958,-5.40023175e-05,0.000688418688,0.999999762],"spawnClass":"player","sphereWeight":"1"}
{"name":"spawns_tower","class":"SpawnSphere","persistentId":"8a1f0fd6-7a3a-49c1-a7c8-72cfa0770dfc","__parent":"spawns","position":[4359.28662,-441.376282,-272.872009],"dataBlock":"SpawnSphereMarker","radius":1,"rotationMatrix":[0.581582069,-0.81348747,0.000591426739,0.813487709,0.58158195,-0.000356441626,-5.40023029e-05,0.000688418513,0.999999762],"spawnClass":"player","sphereWeight":"1"}
{"name":"spawns_mart","class":"SpawnSphere","persistentId":"5b3c5fe9-9773-4ceb-9b53-433cf210ac16","__parent":"spawns","position":[5407.32715,-1822.71472,-547.141785],"dataBlock":"SpawnSphereMarker","radius":1,"rotationMatrix":[0.251021028,-0.967981279,0.000679932244,0.967981517,0.251021028,-0.000120534329,-5.40022738e-05,0.000688418571,0.999999762],"spawnClass":"player","sphereWeight":"1"}
{"name":"spawns_airport_small","class":"SpawnSphere","persistentId":"e2c4f936-acc8-4ab2-83a3-7b23b5aec0f5","__parent":"spawns","position":[-2585.13892,1124.35095,-549.014709],"dataBlock":"SpawnSphereMarker","radius":1,"rotationMatrix":[0.974680185,0.223603487,-3.63797881e-11,-0.223603427,0.974679947,-0.000690533721,-0.000154405687,0.000673049537,0.999999762],"spawnClass":"player","sphereWeight":"1"}
{"name":"spawns_upper","class":"SpawnSphere","persistentId":"60661f88-9b71-4580-97f3-63ba475dbc0d","__parent":"spawns","position":[4986.35498,-708.001404,-467.1203],"dataBlock":"SpawnSphereMarker","radius":1,"rotationMatrix":[0.813487589,0.581582129,-0.000356441829,-0.581582248,0.813487351,-0.00059142668,-5.40023175e-05,0.000688418571,0.999999762],"spawnClass":"player","sphereWeight":"1"}
{"name":"spawns_bank","class":"SpawnSphere","persistentId":"2da5a1ef-8a44-47cb-9d1c-305849225e5f","__parent":"spawns","position":[5183.81396,-854.380798,-505.329498],"dataBlock":"SpawnSphereMarker","radius":1,"rotationMatrix":[0.957601845,-0.288094491,0.000477676367,0.288094729,0.957601786,-0.000498660316,-0.00031376243,0.000615134079,0.999999762],"spawnClass":"player","sphereWeight":"1"}
{"name":"spawns_junkyard","class":"SpawnSphere","persistentId":"bc476e3b-9a54-48eb-8744-a538f98bd220","__parent":"spawns","position":[5612.58301,-1082.16272,-555.829468],"dataBlock":"SpawnSphereMarker","radius":1,"rotationMatrix":[0.813487589,0.581582129,-0.000356441829,-0.581582248,0.813487351,-0.00059142668,-5.40023175e-05,0.000688418571,0.999999762],"spawnClass":"player","sphereWeight":"1"}
{"name":"spawns_solarpark","class":"SpawnSphere","persistentId":"41a83124-e4ce-4ffd-b0fa-4ae13f1a2471","__parent":"spawns","position":[-3324.677,2996.46362,-565.374695],"dataBlock":"SpawnSphereMarker","radius":1,"rotationMatrix":[0.165269196,-0.986248314,0.000689312641,0.986248553,0.165269315,4.10479552e-05,-0.000154405716,0.000673049595,0.999999762],"spawnClass":"player","sphereWeight":"1"}
{"name":"spawns_cliff_valley","class":"SpawnSphere","persistentId":"a076fb8f-c911-4ea5-bcb5-66e89ee4966b","__parent":"spawns","position":[898.876343,-4988.98682,-563.258423],"dataBlock":"SpawnSphereMarker","radius":1,"rotationMatrix":[0.083533287,-0.996504605,0.000688121363,0.996504843,0.0835334063,0.000163881457,-0.000220789691,0.000672026828,0.999999762],"spawnClass":"player","sphereWeight":"1"}
{"name":"spawns_chinese","class":"SpawnSphere","persistentId":"a076fb8f-c911-4ea5-bcb5-66e89ee4966b","__parent":"spawns","position":[5852.76611,-1841.34436,-552.680664],"dataBlock":"SpawnSphereMarker","radius":1,"rotationMatrix":[-0.787922859,-0.615773439,0.000688121305,0.615773678,-0.787922859,0.000163881312,0.000441272859,0.000552852871,0.999999762],"spawnClass":"player","sphereWeight":"1"}
