{"internalName":"NewCamera_12","class":"CameraBookmark","persistentId":"03c730e9-76ad-4e66-a4ae-22b2a4d04799","__parent":"CameraBookmarks","position":[-1619.8418,-1215.12476,-472.804932],"dataBlock":"CameraBookmarkMarker","rotationMatrix":[-0.38151896,-0.924361229,8.94069672e-08,0.688293338,-0.284084916,-0.667494059,0.617005587,-0.254661441,0.744615138]}
{"internalName":"NewCamera_6","class":"CameraBookmark","persistentId":"1932b9d8-c754-47dc-8563-1f31cc3295a5","__parent":"CameraBookmarks","position":[-1984.31799,614.983398,-527.430664],"dataBlock":"CameraBookmarkMarker","rotationMatrix":[-0.452592254,0.891717732,-1.49011612e-07,-0.477328718,-0.242268801,-0.844667554,-0.753205061,-0.382289767,0.535291314]}
{"internalName":"NewCamera_7","class":"CameraBookmark","persistentId":"1dd8dc30-445b-473e-b422-cea836991db1","__parent":"CameraBookmarks","position":[-1878.8667,316.4021,-541.954712],"dataBlock":"CameraBookmarkMarker","rotationMatrix":[0.425829232,-0.904803514,5.96046448e-08,0.737503886,0.347092688,-0.579322577,0.524173081,0.246692508,0.815098405]}
{"internalName":"NewCamera_13","class":"CameraBookmark","persistentId":"24ff727f-475c-4712-bcfd-add90ac25c2f","__parent":"CameraBookmarks","position":[-1221.46143,2864.08667,-554.426453],"dataBlock":"CameraBookmarkMarker","rotationMatrix":[-0.475280046,0.879834473,-5.96046448e-08,-0.715367258,-0.386436105,-0.582165539,-0.512209356,-0.276691616,0.813070297]}
{"internalName":"NewCamera_16","class":"CameraBookmark","persistentId":"25b3d46d-4271-4a04-9c84-3e3abcd642ec","__parent":"CameraBookmarks","position":[2600.302,-2367.69336,-459.337402],"dataBlock":"CameraBookmarkMarker","rotationMatrix":[-0.97450161,0.224379361,1.86264515e-08,-0.218666077,-0.949688196,-0.224225208,-0.0503114983,-0.218507901,0.974537373]}
{"internalName":"NewCamera_9","class":"CameraBookmark","persistentId":"2f9b8884-f700-4be4-b21a-ae5c7ee39bf6","__parent":"CameraBookmarks","position":[1983.82349,-344.808716,-548.601501],"dataBlock":"CameraBookmarkMarker","rotationMatrix":[-0.766187549,-0.642617106,2.98023224e-08,0.396009326,-0.472159028,-0.78755486,0.506096244,-0.603414655,0.616244555]}
{"internalName":"NewCamera_0","class":"CameraBookmark","persistentId":"3c6161a1-8e50-42c0-83e4-53ef67629c30","__parent":"CameraBookmarks","position":[577.281067,1297.24573,-544.90332],"dataBlock":"CameraBookmarkMarker","rotationMatrix":[-0.682463527,0.730919659,1.86264515e-09,-0.730449975,-0.682024956,-0.0358437672,-0.0261989124,-0.0244620647,0.999357402]}
{"internalName":"NewCamera_1","class":"CameraBookmark","persistentId":"44024f12-99e8-479b-9cf7-4c19807142cd","__parent":"CameraBookmarks","position":[5355.68213,1726.3772,-201.242249],"dataBlock":"CameraBookmarkMarker","rotationMatrix":[-0.338154912,-0.941090465,-3.7252903e-09,0.935340166,-0.336088657,-0.110377386,0.103875101,-0.0373246633,0.993889749]}
{"internalName":"NewCamera_5","class":"CameraBookmark","persistentId":"484d390d-a965-460d-8109-b44cdd31dca1","__parent":"CameraBookmarks","position":[-1774.91162,666.20105,-549.095215],"dataBlock":"CameraBookmarkMarker","rotationMatrix":[-0.629293919,-0.77716738,-5.96046448e-08,0.569556296,-0.461185455,-0.680377543,0.528767228,-0.428157508,0.732861757]}
{"internalName":"NewCamera_10","class":"CameraBookmark","persistentId":"647b7bc2-966b-473e-8eb9-9886b14e1759","__parent":"CameraBookmarks","position":[2256.28979,-802.24823,-453.673248],"dataBlock":"CameraBookmarkMarker","rotationMatrix":[0.71222049,0.701955795,-2.98023224e-08,-0.631773114,0.641011477,-0.43585211,-0.305948913,0.310422838,0.900018275]}
{"internalName":"NewCamera_14","class":"CameraBookmark","persistentId":"78728ca1-2f0c-49e8-8ae8-27c906f9e092","__parent":"CameraBookmarks","position":[2832.8689,2741.84058,-534.082153],"dataBlock":"CameraBookmarkMarker","rotationMatrix":[-0.501572013,-0.865116119,7.4505806e-09,0.862575769,-0.500099182,0.0765779614,-0.0662488192,0.038409356,0.997063577]}
{"internalName":"NewCamera_3","class":"CameraBookmark","persistentId":"8263d63f-5e7d-46fa-bcd8-854b7943c2d9","__parent":"CameraBookmarks","position":[5881.82031,2622.17554,351.645691],"dataBlock":"CameraBookmarkMarker","rotationMatrix":[-0.641653538,-0.766994894,5.96046448e-08,0.150054395,-0.125532866,-0.980676055,0.752173424,-0.629253983,0.195639253]}
{"internalName":"NewCamera_11","class":"CameraBookmark","persistentId":"9bbe2368-bde2-46c5-be2f-c12616eb7776","__parent":"CameraBookmarks","position":[-509.973877,33.5587769,-537.668701],"dataBlock":"CameraBookmarkMarker","rotationMatrix":[-0.235359907,0.971908331,-1.49011612e-08,-0.922895193,-0.223490834,-0.313554347,-0.304746091,-0.0737981349,0.949570239]}
{"internalName":"NewCamera_15","class":"CameraBookmark","persistentId":"9fc1adf6-d873-4a68-84ea-909829c3ae2b","__parent":"CameraBookmarks","position":[-1966.6217,-1290.48596,-473.592865],"dataBlock":"CameraBookmarkMarker","rotationMatrix":[-0.740653038,0.671887994,-1.49011612e-08,-0.501055479,-0.552336574,-0.666234136,-0.447634697,-0.493448228,0.745742619]}
{"internalName":"NewCamera_8","class":"CameraBookmark","persistentId":"c5adb703-f4c8-4170-8cda-6db7c511cad0","__parent":"CameraBookmarks","position":[-1437.35376,1144.99548,-520.994873],"dataBlock":"CameraBookmarkMarker","rotationMatrix":[-0.99445796,0.105138183,-7.4505806e-09,-0.070679605,-0.668528795,-0.740320385,-0.0778359249,-0.736217201,0.672254324]}
{"internalName":"NewCamera_4","class":"CameraBookmark","persistentId":"e1e3efda-6d69-4087-933c-695c45ac49c9","__parent":"CameraBookmarks","position":[-1750.33496,685.208191,-549.664368],"dataBlock":"CameraBookmarkMarker","rotationMatrix":[0.179475546,0.983762443,-1.49011612e-08,-0.96372205,0.175819457,-0.200816482,-0.197555706,0.0360416695,0.979628861]}
{"internalName":"NewCamera_2","class":"CameraBookmark","persistentId":"e52e65ef-dcff-4b58-8743-d0ad45a00f35","__parent":"CameraBookmarks","position":[490.09964,1240.5636,-525.132019],"dataBlock":"CameraBookmarkMarker","rotationMatrix":[0.98163861,-0.190750152,-5.96046448e-08,0.137765437,0.708968759,-0.691653013,0.131932959,0.67895329,0.722229958]}
{"internalName":"NewCamera_17","class":"CameraBookmark","persistentId":"ffd74d88-3b05-4677-8d95-12b8a81d16a2","__parent":"CameraBookmarks","position":[-3792.16675,-3424.94727,-446.761261],"dataBlock":"CameraBookmarkMarker","rotationMatrix":[0.391361356,-0.920237124,0,0.906525314,0.385529935,-0.171984136,0.158266187,0.0673079491,0.985099733]}
{"name":"SFXEmitter_15","class":"SFXEmitter","__parent":"CameraBookmarks","position":[5302.93213,1701.35962,-182.700272],"fadeInTime":0,"fadeOutTime":0,"pitch":1.20000005,"referenceDistance":3,"rotationMatrix":[0.321950853,-0.946756303,0,0.421823323,0.143443897,-0.895258963,0.847592175,0.288229406,0.445545793],"scale":[100,100,100],"track":"amb_birds_01"}
