{"name":"wp83","class":"BeamNGWaypoint","__parent":"busroutes","position":[2898.91772,2240.92871,-545.666809],"rotationMatrix":[-0.000740885618,-0.999999523,0,0.999908447,-0.000740825955,-0.0134969605,0.0134969307,-1.00136431e-05,0.999908686],"scale":[2.91464853,2.91464853,2.91464853]}
{"name":"wp81","class":"BeamNGWaypoint","__parent":"busroutes","position":[3207.0752,2029.71375,-530.130737],"rotationMatrix":[-0.000740885618,-0.999999523,0,0.999908447,-0.000740825955,-0.0134969605,0.0134969307,-1.00136431e-05,0.999908686],"scale":[2.91464853,2.91464853,2.91464853]}
{"name":"wp82","class":"BeamNGWaypoint","__parent":"busroutes","position":[2988.95874,2208.63696,-542.364868],"rotationMatrix":[-0.000740885618,-0.999999523,0,0.999908447,-0.000740825955,-0.0134969605,0.0134969307,-1.00136431e-05,0.999908686],"scale":[2.91464853,2.91464853,2.91464853]}
{"name":"wp84","class":"BeamNGWaypoint","__parent":"busroutes","position":[2695.47876,2255.33203,-545.7229],"rotationMatrix":[-0.000740885618,-0.999999523,0,0.999908447,-0.000740825955,-0.0134969605,0.0134969307,-1.00136431e-05,0.999908686],"scale":[2.91464853,2.91464853,2.91464853]}
{"name":"wp79","class":"BeamNGWaypoint","__parent":"busroutes","position":[3552.38281,1861.64685,-548.31427],"rotationMatrix":[-0.000740885618,-0.999999523,0,0.999908447,-0.000740825955,-0.0134969605,0.0134969307,-1.00136431e-05,0.999908686],"scale":[2.91464853,2.91464853,2.91464853]}
{"name":"wp77","class":"BeamNGWaypoint","__parent":"busroutes","position":[3361.35449,1846.56677,-542.260193],"rotationMatrix":[-0.000740885618,-0.999999523,0,0.999908447,-0.000740825955,-0.0134969605,0.0134969307,-1.00136431e-05,0.999908686],"scale":[2.91464853,2.91464853,2.91464853]}
{"name":"wp75","class":"BeamNGWaypoint","__parent":"busroutes","position":[3145.95166,2092.91138,-531.249512],"rotationMatrix":[-0.000740885618,-0.999999523,0,0.999908447,-0.000740825955,-0.0134969605,0.0134969307,-1.00136431e-05,0.999908686],"scale":[2.91464853,2.91464853,2.91464853]}
{"name":"wp73","class":"BeamNGWaypoint","__parent":"busroutes","position":[2762.29248,2252.13721,-545.128723],"rotationMatrix":[-0.000740885618,-0.999999523,0,0.999908447,-0.000740825955,-0.0134969605,0.0134969307,-1.00136431e-05,0.999908686],"scale":[2.91464853,2.91464853,2.91464853]}
{"name":"wp71","class":"BeamNGWaypoint","__parent":"busroutes","position":[2305.27783,2264.12451,-551.13855],"rotationMatrix":[-0.000740885618,-0.999999523,0,0.999908447,-0.000740825955,-0.0134969605,0.0134969307,-1.00136431e-05,0.999908686],"scale":[2.91464853,2.91464853,2.91464853]}
{"name":"wp80","class":"BeamNGWaypoint","__parent":"busroutes","position":[3622.58569,1873.46045,-548.455078],"rotationMatrix":[-0.000740885618,-0.999999523,0,0.999908447,-0.000740825955,-0.0134969605,0.0134969307,-1.00136431e-05,0.999908686],"scale":[2.91464853,2.91464853,2.91464853]}
{"name":"wp78","class":"BeamNGWaypoint","__parent":"busroutes","position":[3482.10181,1850.89124,-548.693848],"rotationMatrix":[-0.000740885618,-0.999999523,0,0.999908447,-0.000740825955,-0.0134969605,0.0134969307,-1.00136431e-05,0.999908686],"scale":[2.91464853,2.91464853,2.91464853]}
{"name":"wp72","class":"BeamNGWaypoint","__parent":"busroutes","position":[2436.82324,2260.85083,-553.088257],"rotationMatrix":[-0.000740885618,-0.999999523,0,0.999908447,-0.000740825955,-0.0134969605,0.0134969307,-1.00136431e-05,0.999908686],"scale":[2.91464853,2.91464853,2.91464853]}
{"name":"wp76","class":"BeamNGWaypoint","__parent":"busroutes","position":[3287.18921,1905.62158,-531.809448],"rotationMatrix":[-0.000740885618,-0.999999523,0,0.999908447,-0.000740825955,-0.0134969605,0.0134969307,-1.00136431e-05,0.999908686],"scale":[2.91464853,2.91464853,2.91464853]}
{"name":"wp74","class":"BeamNGWaypoint","__parent":"busroutes","position":[2928.80737,2233.29663,-545.200073],"rotationMatrix":[-0.000740885618,-0.999999523,0,0.999908447,-0.000740825955,-0.0134969605,0.0134969307,-1.00136431e-05,0.999908686],"scale":[2.91464853,2.91464853,2.91464853]}
{"name":"wp70","class":"BeamNGWaypoint","__parent":"busroutes","position":[2115.41675,2266.44702,-550.618958],"rotationMatrix":[-0.000740885618,0.999999523,0,-0.999908447,-0.000740825955,-0.0134969605,-0.0134969307,-1.00136431e-05,0.999908686],"scale":[2.88808584,2.88808584,2.88808584]}
{"class":"TSStatic","__parent":"busroutes","position":[-646.51532,132.706696,-550.976746],"collisionType":"Visible Mesh","isRenderEnabled":false,"rotationMatrix":[0.0148886442,-0.999889076,0,0.999889076,0.0148886442,0,0,0,1],"scale":[3.38280058,1.70615244,3.38280058],"shapeName":"/levels/mk_americanroad/art/shapes/busstop/bussign.dae","useInstanceRenderData":true}
{"class":"TSStatic","__parent":"busroutes","position":[-647.095032,146.338074,-550.976746],"collisionType":"Visible Mesh","isRenderEnabled":false,"rotationMatrix":[-0.147738695,0.989026189,0,-0.989026189,-0.147738695,0,0,0,1],"scale":[3.38280058,1.70615244,3.38280058],"shapeName":"/levels/mk_americanroad/art/shapes/busstop/bussign.dae","useInstanceRenderData":true}
{"name":"wp33","class":"BeamNGWaypoint","__parent":"busroutes","position":[4874.35205,-17.602253,-525.31781],"rotationMatrix":[0.70710665,0.70710665,-2.98023188e-08,-0.705950022,0.705950022,-0.0571741611,-0.0404282771,0.0404282771,0.998364031],"scale":[3.24326181,3.24326181,3.24326181]}
{"name":"wp34","class":"BeamNGWaypoint","__parent":"busroutes","position":[4044.90845,1104.0188,-558.553284],"rotationMatrix":[0.948683202,0.316227734,0,-0.315940022,0.947820067,-0.0426460691,-0.013485889,0.0404576212,0.999090075],"scale":[3.46367168,3.46367168,3.46367168]}
{"class":"TSStatic","__parent":"busroutes","position":[3985.30933,1173.45178,-557.016052],"isRenderEnabled":false,"rotationMatrix":[-0.36093545,-0.932590604,0,0.932590604,-0.36093545,0,0,0,1],"shapeName":"/levels/mk_americanroad/art/shapes/busstop/bussign.dae","useInstanceRenderData":true}
{"class":"TSStatic","__parent":"busroutes","position":[3980.43896,1160.86829,-557.016052],"isRenderEnabled":false,"rotationMatrix":[0.340897977,0.940100372,0,-0.940100372,0.340897977,0,0,0,1],"shapeName":"/levels/mk_americanroad/art/shapes/busstop/bussign.dae","useInstanceRenderData":true}
{"name":"wp20","class":"BeamNGWaypoint","__parent":"busroutes","position":[856.956543,3204.49976,-554.724243],"rotationMatrix":[0.400818765,-0.916157186,2.98023188e-08,0.891715348,0.390125483,-0.229446158,0.210208744,0.0919663534,0.973321199],"scale":[3.28750038,3.28750038,3.28750038]}
{"name":"wp12","class":"BeamNGWaypoint","__parent":"busroutes","position":[-2891.98242,1425.3905,-557.159607],"rotationMatrix":[-0.000740885618,-0.999999523,0,0.999908447,-0.000740825955,-0.0134969605,0.0134969307,-1.00136431e-05,0.999908686],"scale":[3.47167969,3.47167969,3.47167969]}
{"name":"wp15","class":"BeamNGWaypoint","__parent":"busroutes","position":[4620.45459,-2683.46411,-558.621033],"rotationMatrix":[-0.707106709,-0.707106709,2.98023188e-08,0.706977844,-0.706977844,-0.0190859083,0.0134957721,-0.0134958616,0.999817669],"scale":[3.31640625,3.31640625,3.31640625]}
{"name":"wp13","class":"BeamNGWaypoint","__parent":"busroutes","position":[2929.7085,-3140.70483,-547.24884],"rotationMatrix":[-0.000740885618,-0.999999523,0,0.999908447,-0.000740825955,-0.0134969605,0.0134969307,-1.00136431e-05,0.999908686],"scale":[3.46679688,3.46679688,3.46679688]}
{"name":"wp10","class":"BeamNGWaypoint","__parent":"busroutes","position":[4563.86035,-2685.97119,-558.509583],"rotationMatrix":[-1,-1.99779206e-05,9.09494593e-13,1.9976098e-05,-0.999908686,-0.0135069145,2.69842388e-07,-0.0135070933,0.999908686],"scale":[3.13749981,3.13749981,3.13749981]}
{"name":"wp2","class":"BeamNGWaypoint","__parent":"busroutes","position":[4948.70459,-690.887695,-462.354492],"rotationMatrix":[-0.780868649,0.624694943,0,-0.622374594,-0.777968228,-0.0861094743,-0.0537921339,-0.0672400519,0.996285498],"scale":[3.31015635,3.31015635,3.31015635]}
{"name":"wp6","class":"BeamNGWaypoint","__parent":"busroutes","position":[5066.73877,-623.520874,-466.433441],"rotationMatrix":[-0.316227615,-0.948683143,0,0.947820008,-0.315939963,-0.0426461287,0.0404576808,-0.0134858144,0.999090016],"scale":[2.85605478,2.85605478,2.85605478]}
{"name":"wp4","class":"BeamNGWaypoint","__parent":"busroutes","position":[5085.48828,-905.572754,-500.665985],"rotationMatrix":[-1,0,0,0,-0.999999821,-1.00413963e-05,0,-1.02202102e-05,0.999999821],"scale":[3.47343731,3.47343731,3.47343731]}
{"name":"wp1","class":"BeamNGWaypoint","__parent":"busroutes","position":[5268.7749,-836.561462,-512.248901],"rotationMatrix":[-0.773957372,-0.63323766,3.7252903e-08,0.607252419,-0.742197514,-0.283526301,0.179539561,-0.219437242,0.958964467],"scale":[4.27421856,4.27421856,4.27421856]}
{"class":"TSStatic","__parent":"busroutes","position":[4607.13232,-2624.88037,-557.418274],"isRenderEnabled":false,"rotationMatrix":[0.63801384,0.770024955,0,-0.770024955,0.63801384,0,0,0,1],"shapeName":"/levels/mk_americanroad/art/shapes/busstop/busstop_eca.dae","useInstanceRenderData":true}
{"class":"TSStatic","__parent":"busroutes","position":[4610.26318,-2621.36816,-557.273682],"isRenderEnabled":false,"rotationMatrix":[0.650707483,0.759328485,0,-0.759328485,0.650707483,0,0,0,1],"shapeName":"/levels/mk_americanroad/art/shapes/busstop/bussign.dae","useInstanceRenderData":true}
{"class":"TSStatic","__parent":"busroutes","position":[4616.77979,-2613.76416,-557.273682],"isRenderEnabled":false,"rotationMatrix":[-0.644006252,-0.765020072,0,0.765020072,-0.644006252,0,0,0,1],"shapeName":"/levels/mk_americanroad/art/shapes/busstop/bussign.dae","useInstanceRenderData":true}
{"class":"TSStatic","__parent":"busroutes","position":[5348.22119,-5366.48828,-553.842529],"isRenderEnabled":false,"rotationMatrix":[0.580801368,0.81404537,0,-0.81404537,0.580801368,0,0,0,1],"shapeName":"/levels/mk_americanroad/art/shapes/busstop/busstop_eca.dae","useInstanceRenderData":true}
{"class":"TSStatic","__parent":"busroutes","position":[5348.24463,-5361.8335,-553.594666],"isRenderEnabled":false,"rotationMatrix":[0.585086823,0.810970604,0,-0.810970604,0.585086823,0,0,0,1],"shapeName":"/levels/mk_americanroad/art/shapes/busstop/bussign.dae","useInstanceRenderData":true}
{"class":"TSStatic","__parent":"busroutes","position":[5338.12256,-5339.13574,-552.233643],"isRenderEnabled":false,"rotationMatrix":[-0.67856133,-0.734543562,0,0.734543562,-0.67856133,0,0,0,1],"shapeName":"/levels/mk_americanroad/art/shapes/busstop/bussign.dae","useInstanceRenderData":true}
{"class":"TSStatic","__parent":"busroutes","position":[5707.5127,-5624.06396,-552.143433],"isRenderEnabled":false,"rotationMatrix":[0.491048098,0.871132433,0,-0.871132433,0.491048098,0,0,0,1],"shapeName":"/levels/mk_americanroad/art/shapes/busstop/busstop_eca.dae","useInstanceRenderData":true}
{"class":"TSStatic","__parent":"busroutes","position":[5708.43848,-5619.84082,-552.178711],"isRenderEnabled":false,"rotationMatrix":[0.580166459,0.814497888,0,-0.814497888,0.580166459,0,0,0,1],"shapeName":"/levels/mk_americanroad/art/shapes/busstop/bussign.dae","useInstanceRenderData":true}
{"class":"TSStatic","__parent":"busroutes","position":[5720.13477,-5603.42041,-552.178711],"isRenderEnabled":false,"rotationMatrix":[-0.430734396,-0.902478814,0,0.902478814,-0.430734396,0,0,0,1],"shapeName":"/levels/mk_americanroad/art/shapes/busstop/bussign.dae","useInstanceRenderData":true}
{"class":"TSStatic","__parent":"busroutes","position":[6035.2207,-5868.73047,-551.711853],"isRenderEnabled":false,"rotationMatrix":[0.99985534,0.0170079768,0,-0.0170079768,0.99985534,0,0,0,1],"shapeName":"/levels/mk_americanroad/art/shapes/busstop/busstop_eca.dae","useInstanceRenderData":true}
{"class":"TSStatic","__parent":"busroutes","position":[6038.14111,-5872.74023,-551.711853],"isRenderEnabled":false,"shapeName":"/levels/mk_americanroad/art/shapes/busstop/bussign.dae","useInstanceRenderData":true}
{"class":"TSStatic","__parent":"busroutes","position":[6073.29346,-5880.55957,-551.711853],"isRenderEnabled":false,"rotationMatrix":[-0.999629021,-0.0272346921,0,0.0272346921,-0.999629021,0,0,0,1],"shapeName":"/levels/mk_americanroad/art/shapes/busstop/busstop_eca.dae","useInstanceRenderData":true}
{"class":"TSStatic","__parent":"busroutes","position":[6070.69385,-5876.10693,-551.812073],"isRenderEnabled":false,"rotationMatrix":[-0.999947548,-0.0102290818,0,0.0102290818,-0.999947548,0,0,0,1],"shapeName":"/levels/mk_americanroad/art/shapes/busstop/bussign.dae","useInstanceRenderData":true}
{"class":"TSStatic","__parent":"busroutes","position":[5421.21826,-5801.2334,-547.458679],"isRenderEnabled":false,"rotationMatrix":[0.175907969,-0.984406531,0,0.984406531,0.175907969,0,0,0,1],"shapeName":"/levels/mk_americanroad/art/shapes/busstop/busstop_eca.dae","useInstanceRenderData":true}
{"class":"TSStatic","__parent":"busroutes","position":[5424.50928,-5804.10498,-547.399658],"isRenderEnabled":false,"rotationMatrix":[0.227516532,-0.973774135,0,0.973774135,0.227516532,0,0,0,1],"shapeName":"/levels/mk_americanroad/art/shapes/busstop/bussign.dae","useInstanceRenderData":true}
{"class":"TSStatic","__parent":"busroutes","position":[5444.9873,-5810.10156,-547.610657],"isRenderEnabled":false,"rotationMatrix":[-0.163457513,0.986550212,0,-0.986550212,-0.163457513,0,0,0,1],"shapeName":"/levels/mk_americanroad/art/shapes/busstop/bussign.dae","useInstanceRenderData":true}
{"class":"TSStatic","__parent":"busroutes","position":[-2845.82324,1524.45264,-554.97644],"isRenderEnabled":false,"rotationMatrix":[0.757693708,-0.652610302,0,0.652610302,0.757693708,0,0,0,1],"shapeName":"/levels/mk_americanroad/art/shapes/busstop/busstop_eca.dae","useInstanceRenderData":true}
{"class":"TSStatic","__parent":"busroutes","position":[-2843.02002,1519.81372,-555.024536],"isRenderEnabled":false,"rotationMatrix":[0.714094996,-0.700048745,0,0.700048745,0.714094996,0,0,0,1],"shapeName":"/levels/mk_americanroad/art/shapes/busstop/bussign.dae","useInstanceRenderData":true}
{"class":"TSStatic","__parent":"busroutes","position":[-2809.4314,1532.09973,-554.165161],"isRenderEnabled":false,"rotationMatrix":[-0.453422308,0.88489151,0.106659427,-0.861380458,-0.465798259,0.202624381,0.228982255,0,0.973430634],"shapeName":"/levels/mk_americanroad/art/shapes/busstop/bussign.dae","useInstanceRenderData":true}
{"class":"TSStatic","__parent":"busroutes","position":[-2602.89844,1580.58301,-541.295593],"isRenderEnabled":false,"rotationMatrix":[-0.506512165,0.862221599,-0.00437167659,-0.861528039,-0.506296635,-0.0378536955,-0.0348516442,-0.0154070398,0.999273717],"shapeName":"/levels/mk_americanroad/art/shapes/busstop/busstop_eca.dae","useInstanceRenderData":true}
{"class":"TSStatic","__parent":"busroutes","position":[-2605.17798,1583.54053,-541.601562],"isRenderEnabled":false,"rotationMatrix":[-0.463019133,0.886348426,0,-0.886348426,-0.463019133,0,0,0,1],"shapeName":"/levels/mk_americanroad/art/shapes/busstop/bussign.dae","useInstanceRenderData":true}
{"class":"TSStatic","__parent":"busroutes","position":[-2607.59106,1597.48865,-541.171997],"isRenderEnabled":false,"rotationMatrix":[0.492191136,-0.870476067,-0.00437167473,0.870011866,0.49175024,0.0355092697,-0.0287602041,-0.0212807544,0.999359787],"shapeName":"/levels/mk_americanroad/art/shapes/busstop/busstop_eca.dae","useInstanceRenderData":true}
{"class":"TSStatic","__parent":"busroutes","position":[-2606.34497,1594.66064,-541.248779],"isRenderEnabled":false,"rotationMatrix":[0.44830513,-0.893880546,0,0.893880546,0.44830513,0,0,0,1],"shapeName":"/levels/mk_americanroad/art/shapes/busstop/bussign.dae","useInstanceRenderData":true}
{"class":"TSStatic","__parent":"busroutes","position":[-688.697693,169.48114,-537.796631],"isRenderEnabled":false,"rotationMatrix":[-0.98865521,-0.150202334,0,0.150202334,-0.98865521,0,0,0,1],"shapeName":"/levels/mk_americanroad/art/shapes/busstop/busstop_eca.dae","useInstanceRenderData":true}
{"class":"TSStatic","__parent":"busroutes","position":[-688.044067,165.178879,-537.796631],"isRenderEnabled":false,"rotationMatrix":[-0.996794581,-0.0800016597,0,0.0800016597,-0.996794581,0,0,0,1],"shapeName":"/levels/mk_americanroad/art/shapes/busstop/busstop_eca.dae","useInstanceRenderData":true}
{"class":"TSStatic","__parent":"busroutes","position":[-691.051758,168.179733,-537.796631],"isRenderEnabled":false,"rotationMatrix":[-0.926294565,0.376799703,0,-0.376799703,-0.926294565,0,0,0,1],"shapeName":"/levels/mk_americanroad/art/shapes/busstop/busstop_eca.dae","useInstanceRenderData":true}
{"class":"TSStatic","__parent":"busroutes","position":[-702.283447,147.630569,-537.796631],"isRenderEnabled":false,"rotationMatrix":[0.968177199,0,0.250265628,0,1,0,-0.250265628,0,0.968177199],"shapeName":"/levels/mk_americanroad/art/shapes/busstop/bussign.dae","useInstanceRenderData":true}
{"class":"TSStatic","__parent":"busroutes","position":[-684.614868,140.303696,-537.803894],"isRenderEnabled":false,"rotationMatrix":[-0.716002822,-0.698097646,0,0.698097646,-0.716002822,0,0,0,1],"shapeName":"/levels/mk_americanroad/art/shapes/busstop/busstop_eca.dae","useInstanceRenderData":true}
{"class":"TSStatic","__parent":"busroutes","position":[5037.68311,-724.130188,-476.028687],"isRenderEnabled":false,"rotationMatrix":[-0.742085338,-0.670305133,0,0.670305133,-0.742085338,0,0,0,1],"shapeName":"/levels/mk_americanroad/art/shapes/busstop/busstop_eca.dae","useInstanceRenderData":true}
{"class":"TSStatic","__parent":"busroutes","position":[5030.6123,-725.570496,-475.496033],"isRenderEnabled":false,"rotationMatrix":[-0.745481014,-0.666526616,0,0.666526616,-0.745481014,0,0,0,1],"shapeName":"/levels/mk_americanroad/art/shapes/busstop/bussign.dae","useInstanceRenderData":true}
{"class":"TSStatic","__parent":"busroutes","position":[5188.07031,-857.726746,-505.868835],"isRenderEnabled":false,"rotationMatrix":[0.685640335,-0.72794044,0,0.72794044,0.685640335,0,0,0,1],"shapeName":"/levels/mk_americanroad/art/shapes/busstop/bussign.dae","useInstanceRenderData":true}
{"class":"TSStatic","__parent":"busroutes","position":[5203.79395,-967.530273,-517.857788],"isRenderEnabled":false,"rotationMatrix":[-0.660381436,0.75093019,0,-0.75093019,-0.660381436,0,0,0,1],"shapeName":"/levels/mk_americanroad/art/shapes/busstop/busstop_eca.dae","useInstanceRenderData":true}
{"class":"TSStatic","__parent":"busroutes","position":[5200.4707,-968.52179,-517.97168],"isRenderEnabled":false,"rotationMatrix":[-0.650584221,0.759433985,0,-0.759433985,-0.650584221,0,0,0,1],"shapeName":"/levels/mk_americanroad/art/shapes/busstop/bussign.dae","useInstanceRenderData":true}
{"class":"TSStatic","__parent":"busroutes","position":[5452.04346,-911.200073,-540.58374],"isRenderEnabled":false,"rotationMatrix":[0.72877574,0.684752405,0,-0.684752405,0.72877574,0,0,0,1],"shapeName":"/levels/mk_americanroad/art/shapes/busstop/bussign.dae","useInstanceRenderData":true}
{"class":"TSStatic","__parent":"busroutes","position":[5464.34668,-908.675476,-541.217285],"isRenderEnabled":false,"rotationMatrix":[-0.850674272,-0.525693297,0,0.525693297,-0.850674272,0,0,0,1],"shapeName":"/levels/mk_americanroad/art/shapes/busstop/bussign.dae","useInstanceRenderData":true}
{"class":"TSStatic","__parent":"busroutes","position":[5293.32861,-1123.63501,-545.006653],"isRenderEnabled":false,"rotationMatrix":[0.6529634,-0.757389426,0,0.757389426,0.6529634,0,0,0,1],"shapeName":"/levels/mk_americanroad/art/shapes/busstop/busstop_eca.dae","useInstanceRenderData":true}
{"class":"TSStatic","__parent":"busroutes","position":[5299.13867,-1118.6261,-545.006653],"isRenderEnabled":false,"rotationMatrix":[0.6529634,-0.757389426,0,0.757389426,0.6529634,0,0,0,1],"shapeName":"/levels/mk_americanroad/art/shapes/busstop/busstop_eca.dae","useInstanceRenderData":true}
{"class":"TSStatic","__parent":"busroutes","position":[5297.86377,-1122.78357,-545.447876],"isRenderEnabled":false,"rotationMatrix":[0.649073184,-0.760725915,0,0.760725915,0.649073184,0,0,0,1],"shapeName":"/levels/mk_americanroad/art/shapes/busstop/bussign.dae","useInstanceRenderData":true}
{"class":"TSStatic","__parent":"busroutes","position":[5340.45361,-1154.43481,-545.006653],"isRenderEnabled":false,"rotationMatrix":[-0.767257571,0.641339064,0,-0.641339064,-0.767257571,0,0,0,1],"shapeName":"/levels/mk_americanroad/art/shapes/busstop/busstop_eca.dae","useInstanceRenderData":true}
{"class":"TSStatic","__parent":"busroutes","position":[5337.55762,-1152.17322,-545.447876],"isRenderEnabled":false,"rotationMatrix":[-0.77132833,0.636437058,0,-0.636437058,-0.77132833,0,0,0,1],"shapeName":"/levels/mk_americanroad/art/shapes/busstop/bussign.dae","useInstanceRenderData":true}
{"class":"TSStatic","__parent":"busroutes","position":[5442.10107,-1207.4707,-555.874695],"isRenderEnabled":false,"rotationMatrix":[-0.829279184,0.558834076,0,-0.558834076,-0.829279184,0,0,0,1],"shapeName":"/levels/mk_americanroad/art/shapes/busstop/bussign.dae","useInstanceRenderData":true}
{"class":"TSStatic","__parent":"busroutes","position":[5382.95801,-1840.63623,-547.728577],"isRenderEnabled":false,"rotationMatrix":[0.97039777,0.241512224,0,-0.241512224,0.97039777,0,0,0,1],"shapeName":"/levels/mk_americanroad/art/shapes/busstop/busstop_eca.dae","useInstanceRenderData":true}
{"class":"TSStatic","__parent":"busroutes","position":[5381.99316,-1836.75916,-547.728577],"isRenderEnabled":false,"rotationMatrix":[0.97039777,0.241512224,0,-0.241512224,0.97039777,0,0,0,1],"shapeName":"/levels/mk_americanroad/art/shapes/busstop/busstop_eca.dae","useInstanceRenderData":true}
{"class":"TSStatic","__parent":"busroutes","position":[5386.13623,-1837.64319,-547.728577],"isRenderEnabled":false,"rotationMatrix":[0.953254282,0.302169323,0,-0.302169323,0.953254282,0,0,0,1],"shapeName":"/levels/mk_americanroad/art/shapes/busstop/bussign.dae","useInstanceRenderData":true}
{"class":"TSStatic","__parent":"busroutes","position":[5511.72656,-543.038635,-546.237061],"isRenderEnabled":false,"rotationMatrix":[-0.827323556,-0.561725318,0,0.561725318,-0.827323556,0,0,0,1],"shapeName":"/levels/mk_americanroad/art/shapes/busstop/busstop_eca.dae","useInstanceRenderData":true}
{"class":"TSStatic","__parent":"busroutes","position":[5513.97998,-546.357239,-546.237061],"isRenderEnabled":false,"rotationMatrix":[-0.827323556,-0.561725318,0,0.561725318,-0.827323556,0,0,0,1],"shapeName":"/levels/mk_americanroad/art/shapes/busstop/busstop_eca.dae","useInstanceRenderData":true}
{"class":"TSStatic","__parent":"busroutes","position":[5515.01172,-550.245483,-546.368164],"isRenderEnabled":false,"rotationMatrix":[-0.890062094,-0.455839396,0,0.455839396,-0.890062094,0,0,0,1],"shapeName":"/levels/mk_americanroad/art/shapes/busstop/bussign.dae","useInstanceRenderData":true}
{"class":"TSStatic","__parent":"busroutes","position":[4380.01709,-420.283356,-274.289154],"isRenderEnabled":false,"rotationMatrix":[-0.750118971,-0.661302686,0,0.661302686,-0.750118971,0,0,0,1],"shapeName":"/levels/mk_americanroad/art/shapes/busstop/busstop_eca.dae","useInstanceRenderData":true}
{"class":"TSStatic","__parent":"busroutes","position":[4381.21387,-422.35495,-274.234985],"isRenderEnabled":false,"rotationMatrix":[-0.727109551,-0.686521232,0,0.686521232,-0.727109551,0,0,0,1],"shapeName":"/levels/mk_americanroad/art/shapes/busstop/bussign.dae","useInstanceRenderData":true}
{"class":"TSStatic","__parent":"busroutes","position":[1134.63452,3451.10181,-550.070557],"isRenderEnabled":false,"rotationMatrix":[-0.254656911,-0.967031538,0,0.967031538,-0.254656911,0,0,0,1],"shapeName":"/levels/mk_americanroad/art/shapes/busstop/busstop_eca.dae","useInstanceRenderData":true}
{"class":"TSStatic","__parent":"busroutes","position":[1138.51794,3450.08252,-550.070557],"isRenderEnabled":false,"rotationMatrix":[-0.251032829,-0.967978656,0,0.967978656,-0.251032829,0,0,0,1],"shapeName":"/levels/mk_americanroad/art/shapes/busstop/busstop_eca.dae","useInstanceRenderData":true}
{"class":"TSStatic","__parent":"busroutes","position":[1131.16724,3450.33228,-550.333557],"isRenderEnabled":false,"rotationMatrix":[-0.417494297,-0.908679307,0,0.908679307,-0.417494297,0,0,0,1],"shapeName":"/levels/mk_americanroad/art/shapes/busstop/bussign.dae","useInstanceRenderData":true}
{"class":"TSStatic","__parent":"busroutes","position":[3706.32178,2402.27686,-420.544281],"isRenderEnabled":false,"rotationMatrix":[-0.93525362,-0.353977978,0,0.353977978,-0.93525362,0,0,0,1],"shapeName":"/levels/mk_americanroad/art/shapes/busstop/bussign.dae","useInstanceRenderData":true}
{"class":"TSStatic","__parent":"busroutes","position":[453.049805,1455.21802,-564.344788],"isRenderEnabled":false,"rotationMatrix":[-0.568564534,0.822638452,0,-0.822638452,-0.568564534,0,0,0,1],"shapeName":"/levels/mk_americanroad/art/shapes/busstop/busstop_eca.dae","useInstanceRenderData":true}
{"class":"TSStatic","__parent":"busroutes","position":[451.127655,1454.01001,-564.334656],"isRenderEnabled":false,"rotationMatrix":[-0.525192142,0.850983441,0,-0.850983441,-0.525192142,0,0,0,1],"shapeName":"/levels/mk_americanroad/art/shapes/busstop/bussign.dae","useInstanceRenderData":true}
{"class":"TSStatic","__parent":"busroutes","position":[444.149231,1465.10852,-564.395813],"isRenderEnabled":false,"rotationMatrix":[0.66154182,-0.749908328,0,0.749908328,0.66154182,0,0,0,1],"shapeName":"/levels/mk_americanroad/art/shapes/busstop/bussign.dae","useInstanceRenderData":true}
{"class":"TSStatic","__parent":"busroutes","position":[-1632.9082,-1155.15369,-512.521179],"isRenderEnabled":false,"rotationMatrix":[-0.66967988,0.742649734,0,-0.742649734,-0.66967988,0,0,0,1],"shapeName":"/levels/mk_americanroad/art/shapes/busstop/bussign.dae","useInstanceRenderData":true}
{"class":"TSStatic","__parent":"busroutes","position":[-1631.24927,-1153.5011,-512.568176],"isRenderEnabled":false,"rotationMatrix":[-0.71068728,0.7035079,0,-0.7035079,-0.71068728,0,0,0,1],"shapeName":"/levels/mk_americanroad/art/shapes/busstop/busstop_eca.dae","useInstanceRenderData":true}
{"class":"TSStatic","__parent":"busroutes","position":[-604.758057,24.237627,-542.11554],"isRenderEnabled":false,"rotationMatrix":[0.0312309265,-0.999512136,0,0.999512136,0.0312309265,0,0,0,1],"shapeName":"/levels/mk_americanroad/art/shapes/busstop/bussign.dae","useInstanceRenderData":true}
{"class":"TSStatic","__parent":"busroutes","position":[-599.148254,12.1755018,-542.368286],"isRenderEnabled":false,"rotationMatrix":[-0.114049196,0.99347496,0,-0.99347496,-0.114049196,0,0,0,1],"shapeName":"/levels/mk_americanroad/art/shapes/busstop/bussign.dae","useInstanceRenderData":true}
{"class":"TSStatic","__parent":"busroutes","position":[-606.94342,24.405468,-541.868591],"isRenderEnabled":false,"rotationMatrix":[0.0501058698,-0.998743892,0,0.998743892,0.0501058698,0,0,0,1],"shapeName":"/levels/mk_americanroad/art/shapes/busstop/busstop_eca.dae","useInstanceRenderData":true}
{"name":"stop_bolford2","class":"BeamNGTrigger","__parent":"busroutes","position":[-602.208801,20.328783,-540.347717],"luaFunction":"onBeamNGTrigger","rotationMatrix":[0.0881724358,-0.996013582,0.0134969056,0.994928062,0.0874016881,-0.049785763,0.0484076589,0.0178181734,0.99866873],"scale":[5.64863491,29.8824139,6.12427568],"stopname":"Bolford","tickPeriod":1000,"ticking":true,"triggerMode":"Contains","triggerTestType":"Bounding box","type":"busstop"}
{"name":"stop_bolford1","class":"BeamNGTrigger","__parent":"busroutes","position":[-602.988342,16.1353569,-540.175781],"luaFunction":"onBeamNGTrigger","rotationMatrix":[0.0881724358,-0.996013582,0.0134969056,0.994928062,0.0874016881,-0.049785763,0.0484076589,0.0178181734,0.99866873],"scale":[5.64863491,28.288002,6.12427568],"stopname":"Bolford","tickPeriod":1000,"ticking":true,"triggerMode":"Contains","triggerTestType":"Bounding box","type":"busstop"}
{"class":"TSStatic","__parent":"busroutes","position":[-1628.42041,-1150.64331,-512.568176],"isRenderEnabled":false,"rotationMatrix":[-0.71068728,0.7035079,0,-0.7035079,-0.71068728,0,0,0,1],"shapeName":"/levels/mk_americanroad/art/shapes/busstop/busstop_eca.dae","useInstanceRenderData":true}
{"class":"TSStatic","__parent":"busroutes","position":[-1624.60217,-1146.06641,-512.521179],"isRenderEnabled":false,"rotationMatrix":[-0.66967988,0.742649734,0,-0.742649734,-0.66967988,0,0,0,1],"shapeName":"/levels/mk_americanroad/art/shapes/busstop/bussign.dae","useInstanceRenderData":true}
{"name":"stop_racetrack","class":"BeamNGTrigger","__parent":"busroutes","position":[-1635.15747,-1144.77295,-509.483246],"luaFunction":"onBeamNGTrigger","rotationMatrix":[0.684055328,-0.729151845,-0.0201481711,0.729148388,0.684297919,-0.00889578089,0.0202737246,-0.00860579684,0.999757409],"scale":[5.64863491,28.288002,6.12427568],"stopname":"Race Track","tickPeriod":1000,"ticking":true,"triggerMode":"Contains","triggerTestType":"Bounding box","type":"busstop"}
{"name":"stop_dirttrack1","class":"BeamNGTrigger","__parent":"busroutes","position":[449.844604,1458.55432,-561.812317],"luaFunction":"onBeamNGTrigger","rotationMatrix":[0.594927967,-0.803554833,-0.0189812407,0.803523242,0.595168471,-0.0111712189,0.0202737227,-0.00860579778,0.999757409],"scale":[5.64863491,28.288002,6.12427568],"stopname":"Dirt Track","tickPeriod":1000,"ticking":true,"triggerMode":"Contains","triggerTestType":"Bounding box","type":"busstop"}
{"name":"stop_dirttrack2","class":"BeamNGTrigger","__parent":"busroutes","position":[447.003326,1462.39185,-561.72168],"luaFunction":"onBeamNGTrigger","rotationMatrix":[0.594927967,-0.803554833,-0.0189812407,0.803523242,0.595168471,-0.0111712189,0.0202737227,-0.00860579778,0.999757409],"scale":[5.64863491,28.288002,6.12427568],"stopname":"Dirt Track","tickPeriod":1000,"ticking":true,"triggerMode":"Contains","triggerTestType":"Bounding box","type":"busstop"}
{"name":"stop_sparena","class":"BeamNGTrigger","__parent":"busroutes","position":[1134.87659,3444.67407,-548.474243],"luaFunction":"onBeamNGTrigger","rotationMatrix":[-0.303943157,-0.943838835,-0.129563719,0.951477408,-0.307595968,0.0086905323,-0.0480557419,-0.120635509,0.991533041],"scale":[5.64863491,28.288002,6.12427568],"stopname":"Motorsport Arena","tickPeriod":1000,"ticking":true,"triggerMode":"Contains","triggerTestType":"Bounding box","type":"busstop"}
{"name":"stop_mtnhotel","class":"BeamNGTrigger","__parent":"busroutes","position":[3697.21484,2401.76978,-417.892334],"luaFunction":"onBeamNGTrigger","rotationMatrix":[-0.946872234,-0.320305407,-0.0289345458,0.320563972,-0.947215319,-0.00466446299,-0.0259131938,-0.0136920242,0.999570429],"scale":[5.64863491,28.288002,6.12427568],"stopname":"Mountain Hotel","tickPeriod":1000,"ticking":true,"triggerMode":"Contains","triggerTestType":"Bounding box","type":"busstop"}
{"name":"stop_ncairport","class":"BeamNGTrigger","__parent":"busroutes","position":[5507.61133,-547.589966,-543.878479],"luaFunction":"onBeamNGTrigger","rotationMatrix":[-0.874978542,-0.483273566,-0.0293030757,0.483467162,-0.875362039,0.000542931724,-0.025913192,-0.0136920232,0.999570429],"scale":[5.64863491,28.288002,6.12427568],"stopname":"NC Airport","tickPeriod":1000,"ticking":true,"triggerMode":"Contains","triggerTestType":"Bounding box","type":"busstop"}
{"name":"stop_nctower","class":"BeamNGTrigger","__parent":"busroutes","position":[4377.67383,-424.842255,-271.222992],"luaFunction":"onBeamNGTrigger","rotationMatrix":[-0.767163157,-0.639977336,0.0434745848,0.641387582,-0.766284466,0.0378209502,0.00910934247,0.0568988919,0.998338401],"scale":[5.64863491,28.288002,6.12427568],"stopname":"Meteor. Tower","tickPeriod":1000,"ticking":true,"triggerMode":"Contains","triggerTestType":"Bounding box","type":"busstop"}
{"name":"stop_ncupper","class":"BeamNGTrigger","__parent":"busroutes","position":[5032.23291,-732.187012,-474.253082],"luaFunction":"onBeamNGTrigger","rotationMatrix":[-0.706851125,-0.706262887,-0.039432995,0.700593889,-0.691304684,-0.176824197,0.0976241454,-0.152614817,0.983452201],"scale":[5.64863491,28.288002,6.12427568],"stopname":"Brickstone Church","tickPeriod":1000,"ticking":true,"triggerMode":"Contains","triggerTestType":"Bounding box","type":"busstop"}
{"name":"stop_ncbank","class":"BeamNGTrigger","__parent":"busroutes","position":[5191.76318,-859.047607,-503.626099],"luaFunction":"onBeamNGTrigger","rotationMatrix":[-0.688110948,0.725562155,-0.00790012628,-0.725551188,-0.688151836,-0.00470371544,-0.00884932652,0.00249526789,0.99995774],"scale":[5.64863491,28.288002,6.12427568],"stopname":"NC Bank","tickPeriod":1000,"ticking":true,"triggerMode":"Contains","triggerTestType":"Bounding box","type":"busstop"}
{"name":"stop_nchospital","class":"BeamNGTrigger","__parent":"busroutes","position":[5199.54297,-963.579346,-514.961792],"luaFunction":"onBeamNGTrigger","rotationMatrix":[-0.67666018,0.736253977,-0.00782546774,-0.736242414,-0.67670083,-0.00482690381,-0.00884932652,0.00249526743,0.99995774],"scale":[5.64863491,28.288002,6.12427568],"stopname":"Barstow Hospital","tickPeriod":1000,"ticking":true,"triggerMode":"Contains","triggerTestType":"Bounding box","type":"busstop"}
{"name":"stop_ncpetshop1","class":"BeamNGTrigger","__parent":"busroutes","position":[5456,-910.485779,-538.141724],"luaFunction":"onBeamNGTrigger","rotationMatrix":[-0.792966962,-0.609239578,-0.0054972358,0.606878996,-0.789032578,-0.095525749,0.053860575,-0.0790849403,0.995411754],"scale":[5.64863491,28.288002,6.12427568],"stopname":"Oak St.","tickPeriod":1000,"ticking":true,"triggerMode":"Contains","triggerTestType":"Bounding box","type":"busstop"}
{"name":"stop_ncpetshop2","class":"BeamNGTrigger","__parent":"busroutes","position":[5459.36963,-907.896606,-538.118408],"luaFunction":"onBeamNGTrigger","rotationMatrix":[-0.792966962,-0.609239578,-0.0054972358,0.606878996,-0.789032578,-0.095525749,0.053860575,-0.0790849403,0.995411754],"scale":[5.64863491,28.288002,6.12427568],"stopname":"Oak St.","tickPeriod":1000,"ticking":true,"triggerMode":"Contains","triggerTestType":"Bounding box","type":"busstop"}
{"name":"stop_nccentral1","class":"BeamNGTrigger","__parent":"busroutes","position":[5333.9375,-1150.02905,-542.53009],"luaFunction":"onBeamNGTrigger","rotationMatrix":[-0.75483048,0.6558671,-0.00831665378,-0.655860186,-0.754872203,-0.00392047735,-0.00884932373,0.00249526603,0.99995774],"scale":[5.64863491,28.288002,6.12427568],"stopname":"NC Central St.","tickPeriod":1000,"ticking":true,"triggerMode":"Contains","triggerTestType":"Bounding box","type":"busstop"}
{"name":"stop_nccentral2","class":"BeamNGTrigger","__parent":"busroutes","position":[5304.15723,-1122.36963,-542.862549],"luaFunction":"onBeamNGTrigger","rotationMatrix":[-0.646114707,0.763202727,-0.00762239192,-0.763189495,-0.646154881,-0.00514160097,-0.00884932559,0.0024952665,0.99995774],"scale":[5.64863491,28.288002,6.12427568],"stopname":"NC Central St.","tickPeriod":1000,"ticking":true,"triggerMode":"Contains","triggerTestType":"Bounding box","type":"busstop"}
{"name":"stop_nclake","class":"BeamNGTrigger","__parent":"busroutes","position":[5436.68311,-1208.29675,-553.148254],"luaFunction":"onBeamNGTrigger","rotationMatrix":[-0.77298665,0.634365857,-0.00842367671,-0.634360015,-0.773028493,-0.00368490117,-0.00884932093,0.00249526463,0.99995774],"scale":[5.64863491,28.288002,6.12427568],"stopname":"Cargill Lake","tickPeriod":1000,"ticking":true,"triggerMode":"Contains","triggerTestType":"Bounding box","type":"busstop"}
{"name":"stop_ncmart","class":"BeamNGTrigger","__parent":"busroutes","position":[5388.42139,-1831.43127,-545.05249],"luaFunction":"onBeamNGTrigger","rotationMatrix":[-0.974745512,-0.223174497,-0.00806929544,0.223144934,-0.974775672,0.00440719165,-0.0088493228,0.00249526626,0.99995774],"scale":[5.64863491,28.288002,6.12427568],"stopname":"NC Mall","tickPeriod":1000,"ticking":true,"triggerMode":"Contains","triggerTestType":"Bounding box","type":"busstop"}
{"name":"stop_greenridge_downtown1","class":"BeamNGTrigger","__parent":"busroutes","position":[-2604.87256,1591.97498,-538.52417],"luaFunction":"onBeamNGTrigger","rotationMatrix":[-0.466498733,0.884499013,-0.00633551367,-0.882360995,-0.465847611,-0.0665197298,-0.06178803,-0.0254411697,0.997765005],"scale":[5.64863491,28.288002,6.12427568],"stopname":"Ridge St.","tickPeriod":1000,"ticking":true,"triggerMode":"Contains","triggerTestType":"Bounding box","type":"busstop"}
{"name":"stop_greenridge_downtown2","class":"BeamNGTrigger","__parent":"busroutes","position":[-2608.79346,1585.96521,-538.920166],"luaFunction":"onBeamNGTrigger","rotationMatrix":[-0.466498733,0.884499013,-0.00633551367,-0.882360995,-0.465847611,-0.0665197298,-0.06178803,-0.0254411697,0.997765005],"scale":[5.64863491,28.288002,6.12427568],"stopname":"Ridge st.","tickPeriod":1000,"ticking":true,"triggerMode":"Contains","triggerTestType":"Bounding box","type":"busstop"}
{"name":"stop_greenridge_suburbs1","class":"BeamNGTrigger","__parent":"busroutes","position":[-2837.94238,1519.43176,-552.469604],"luaFunction":"onBeamNGTrigger","rotationMatrix":[-0.762125373,0.647375226,-0.00836002175,-0.646671057,-0.761794209,-0.0385456085,-0.0313220918,-0.0239704102,0.999221861],"scale":[5.64863491,28.288002,6.12427568],"stopname":"Green St.","tickPeriod":1000,"ticking":true,"triggerMode":"Contains","triggerTestType":"Bounding box","type":"busstop"}
{"name":"stop_greenridge_suburbs2","class":"BeamNGTrigger","__parent":"busroutes","position":[-2809.42285,1535.92908,-551.179749],"luaFunction":"onBeamNGTrigger","rotationMatrix":[-0.46254456,0.886570454,0.00676885433,-0.886042833,-0.461972594,-0.0388566144,-0.0313220993,-0.0239703991,0.999221861],"scale":[5.64863491,28.288002,6.12427568],"stopname":"Green St.","tickPeriod":1000,"ticking":true,"triggerMode":"Contains","triggerTestType":"Bounding box","type":"busstop"}
{"name":"stop_maryville1","class":"BeamNGTrigger","__parent":"busroutes","position":[4617.88574,-2619.09106,-554.694336],"luaFunction":"onBeamNGTrigger","rotationMatrix":[-0.645511985,-0.763740361,-0.00380677124,0.763637602,-0.645323634,-0.0203649662,0.0130969472,-0.0160528272,0.999785364],"scale":[5.64863491,28.288002,6.12427568],"stopname":"Maryville","tickPeriod":1000,"ticking":true,"triggerMode":"Contains","triggerTestType":"Bounding box","type":"busstop"}
{"name":"stop_maryville2","class":"BeamNGTrigger","__parent":"busroutes","position":[4611.34277,-2618.43652,-554.598022],"luaFunction":"onBeamNGTrigger","rotationMatrix":[-0.645511985,-0.763740361,-0.00380677124,0.763637602,-0.645323634,-0.0203649662,0.0130969472,-0.0160528272,0.999785364],"scale":[5.64863491,28.288002,6.12427568],"stopname":"Maryville","tickPeriod":1000,"ticking":true,"triggerMode":"Contains","triggerTestType":"Bounding box","type":"busstop"}
{"name":"stop_eastdale_ap1","class":"BeamNGTrigger","__parent":"busroutes","position":[5349.89941,-5359.44775,-550.753662],"luaFunction":"onBeamNGTrigger","rotationMatrix":[-0.619086504,-0.784540236,-0.0350565575,0.785117447,-0.617285967,-0.0504886098,0.0179704279,-0.0587803163,0.998109162],"scale":[5.64863491,28.288002,6.12427568],"stopname":"ED Airport","tickPeriod":1000,"ticking":true,"triggerMode":"Contains","triggerTestType":"Bounding box","type":"busstop"}
{"name":"stop_eastdale_ap2","class":"BeamNGTrigger","__parent":"busroutes","position":[5337.70947,-5343.41602,-549.589966],"luaFunction":"onBeamNGTrigger","rotationMatrix":[-0.619086504,-0.784540236,-0.0350565575,0.785117447,-0.617285967,-0.0504886098,0.0179704279,-0.0587803163,0.998109162],"scale":[5.64863491,28.288002,6.12427568],"stopname":"ED Airport","tickPeriod":1000,"ticking":true,"triggerMode":"Contains","triggerTestType":"Bounding box","type":"busstop"}
{"name":"stop_eastdale_church1","class":"BeamNGTrigger","__parent":"busroutes","position":[5706.39795,-5614.6665,-549.812134],"luaFunction":"onBeamNGTrigger","rotationMatrix":[-0.491148949,-0.871072888,-0.00217286544,0.871030688,-0.491147399,0.00893395208,-0.00884932093,0.00249526789,0.99995774],"scale":[5.64863491,28.288002,6.12427568],"stopname":"St. Mary Church","tickPeriod":1000,"ticking":true,"triggerMode":"Contains","triggerTestType":"Bounding box","type":"busstop"}
