{"name":"notaperfectlightbyanymeansbutitworksfornow","class":"TSStatic","__parent":"Zone2","position":[2595.22217,2749.65552,-523.153076],"isRenderEnabled":false,"shapeName":"/levels/mk_americanroad/art/shapes/misc/garbage_sack.dae","useInstanceRenderData":true}
{"class":"TSStatic","__parent":"Zone2","position":[2532.66943,2746.76318,-522.114319],"isRenderEnabled":false,"shapeName":"/levels/mk_americanroad/art/shapes/misc/garbage_sack.dae","useInstanceRenderData":true}
{"class":"TSStatic","__parent":"Zone2","position":[2503.01123,2745.03857,-521.717773],"isRenderEnabled":false,"shapeName":"/levels/mk_americanroad/art/shapes/misc/garbage_sack.dae","useInstanceRenderData":true}
{"class":"TSStatic","__parent":"Zone2","position":[2467.87305,2742.80396,-521.384155],"isRenderEnabled":false,"shapeName":"/levels/mk_americanroad/art/shapes/misc/garbage_sack.dae","useInstanceRenderData":true}
{"class":"TSStatic","__parent":"Zone2","position":[2434.53174,2741.73877,-521.166016],"isRenderEnabled":false,"shapeName":"/levels/mk_americanroad/art/shapes/misc/garbage_sack.dae","useInstanceRenderData":true}
{"class":"TSStatic","__parent":"Zone2","position":[2377.21313,2736.60107,-521.232971],"isRenderEnabled":false,"shapeName":"/levels/mk_americanroad/art/shapes/misc/garbage_sack.dae","useInstanceRenderData":true}
{"class":"TSStatic","__parent":"Zone2","position":[2342.92578,2736.34033,-521.566589],"isRenderEnabled":false,"shapeName":"/levels/mk_americanroad/art/shapes/misc/garbage_sack.dae","useInstanceRenderData":true}
{"class":"TSStatic","__parent":"Zone2","position":[2342.92578,2734.22266,-521.553101],"isRenderEnabled":false,"shapeName":"/levels/mk_americanroad/art/shapes/misc/garbage_sack.dae","useInstanceRenderData":true}
{"class":"TSStatic","__parent":"Zone2","position":[2308.63916,2734.54663,-522.301636],"isRenderEnabled":false,"shapeName":"/levels/mk_americanroad/art/shapes/misc/garbage_sack.dae","useInstanceRenderData":true}
{"class":"TSStatic","__parent":"Zone2","position":[2239.98291,2730.82837,-525.062256],"isRenderEnabled":false,"shapeName":"/levels/mk_americanroad/art/shapes/misc/garbage_sack.dae","useInstanceRenderData":true}
{"class":"TSStatic","__parent":"Zone2","position":[2224.10742,2730.77344,-525.731628],"isRenderEnabled":false,"shapeName":"/levels/mk_americanroad/art/shapes/misc/garbage_sack.dae","useInstanceRenderData":true}
{"class":"TSStatic","__parent":"Zone2","position":[2196.97754,2730.14478,-527.07605],"isRenderEnabled":false,"shapeName":"/levels/mk_americanroad/art/shapes/misc/garbage_sack.dae","useInstanceRenderData":true}
{"class":"TSStatic","__parent":"Zone2","position":[2688.00122,2749.49243,-524.901489],"isRenderEnabled":false,"shapeName":"/levels/mk_americanroad/art/shapes/misc/garbage_sack.dae","useInstanceRenderData":true}
{"class":"TSStatic","__parent":"Zone2","position":[2553.89185,2747.89673,-522.447693],"isRenderEnabled":false,"shapeName":"/levels/mk_americanroad/art/shapes/misc/garbage_sack.dae","useInstanceRenderData":true}
{"class":"TSStatic","__parent":"Zone2","position":[2641.26318,2750.55566,-523.997437],"isRenderEnabled":false,"shapeName":"/levels/mk_americanroad/art/shapes/misc/garbage_sack.dae","useInstanceRenderData":true}
{"class":"TSStatic","__parent":"Zone2","position":[2434.53174,2739.78296,-521.166016],"isRenderEnabled":false,"shapeName":"/levels/mk_americanroad/art/shapes/misc/garbage_sack.dae","useInstanceRenderData":true}
{"class":"TSStatic","__parent":"Zone2","position":[2377.21313,2738.46362,-521.232971],"isRenderEnabled":false,"shapeName":"/levels/mk_americanroad/art/shapes/misc/garbage_sack.dae","useInstanceRenderData":true}
{"class":"TSStatic","__parent":"Zone2","position":[2406.18921,2738.14771,-521.130188],"isRenderEnabled":false,"shapeName":"/levels/mk_americanroad/art/shapes/misc/garbage_sack.dae","useInstanceRenderData":true}
{"class":"TSStatic","__parent":"Zone2","position":[2406.18921,2740.17139,-521.130188],"isRenderEnabled":false,"shapeName":"/levels/mk_americanroad/art/shapes/misc/garbage_sack.dae","useInstanceRenderData":true}
{"class":"TSStatic","__parent":"Zone2","position":[2308.63916,2732.59229,-522.301636],"isRenderEnabled":false,"shapeName":"/levels/mk_americanroad/art/shapes/misc/garbage_sack.dae","useInstanceRenderData":true}
{"class":"TSStatic","__parent":"Zone2","position":[2253.44922,2731.62598,-524.41394],"isRenderEnabled":false,"shapeName":"/levels/mk_americanroad/art/shapes/misc/garbage_sack.dae","useInstanceRenderData":true}
{"class":"TSStatic","__parent":"Zone2","position":[2274.04443,2731.1123,-523.576965],"isRenderEnabled":false,"shapeName":"/levels/mk_americanroad/art/shapes/misc/garbage_sack.dae","useInstanceRenderData":true}
{"class":"TSStatic","__parent":"Zone2","position":[2274.04443,2733.25757,-523.576965],"isRenderEnabled":false,"shapeName":"/levels/mk_americanroad/art/shapes/misc/garbage_sack.dae","useInstanceRenderData":true}
{"class":"TSStatic","__parent":"Zone2","position":[2171.72021,2730.09985,-528.399048],"isRenderEnabled":false,"shapeName":"/levels/mk_americanroad/art/shapes/misc/garbage_sack.dae","useInstanceRenderData":true}
{"class":"TSStatic","__parent":"Zone2","position":[2150.62231,2730.42065,-529.624817],"isRenderEnabled":false,"shapeName":"/levels/mk_americanroad/art/shapes/misc/garbage_sack.dae","useInstanceRenderData":true}
{"name":"PointLight_27","class":"PointLight","__parent":"Zone2","position":[2405.9209,2738.05176,-521.375366],"brightness":2,"color":[0.831372619,0.764705956,0.231372565,1],"radius":25,"rotationMatrix":[0.0479034111,0.998851836,0,0.998637736,-0.0478930958,-0.0207008403,-0.020677058,0.000991638051,-0.999785542],"shadowDarkenColor":[0,0,0,0]}
{"name":"PointLight_28","class":"PointLight","__parent":"Zone2","position":[2434.49902,2742.11548,-521.652527],"brightness":2,"color":[0.831372619,0.764705956,0.231372565,1],"radius":25,"rotationMatrix":[0.0479034111,0.998851836,0,0.998637736,-0.0478930958,-0.0207008403,-0.020677058,0.000991638051,-0.999785542],"shadowDarkenColor":[0,0,0,0]}
{"name":"PointLight_21","class":"PointLight","__parent":"Zone2","position":[2171.75757,2730.06616,-528.658997],"brightness":2,"color":[0.831372619,0.764705956,0.231372565,1],"radius":25,"rotationMatrix":[0.0479034111,0.998851836,0,0.998637736,-0.0478930958,-0.0207008403,-0.020677058,0.000991638051,-0.999785542],"shadowDarkenColor":[0,0,0,0]}
{"name":"PointLight_25","class":"PointLight","__parent":"Zone2","position":[2342.8811,2736.68408,-521.848694],"brightness":2,"color":[0.831372619,0.764705956,0.231372565,1],"radius":25,"rotationMatrix":[0.0479034111,0.998851836,0,0.998637736,-0.0478930958,-0.0207008403,-0.020677058,0.000991638051,-0.999785542],"shadowDarkenColor":[0,0,0,0]}
{"name":"PointLight_13","class":"PointLight","__parent":"Zone2","position":[2376.94116,2736.479,-521.537354],"brightness":2,"color":[0.831372619,0.764705956,0.231372565,1],"radius":25,"rotationMatrix":[0.0479034111,0.998851836,0,0.998637736,-0.0478930958,-0.0207008403,-0.020677058,0.000991638051,-0.999785542],"shadowDarkenColor":[0,0,0,0]}
{"name":"PointLight_14","class":"PointLight","__parent":"Zone2","position":[2342.75854,2734.13574,-521.848694],"brightness":2,"color":[0.831372619,0.764705956,0.231372565,1],"radius":25,"rotationMatrix":[0.0479034111,0.998851836,0,0.998637736,-0.0478930958,-0.0207008403,-0.020677058,0.000991638051,-0.999785542],"shadowDarkenColor":[0,0,0,0]}
{"name":"PointLight_16","class":"PointLight","__parent":"Zone2","position":[2274.19141,2733.24146,-524.285339],"brightness":2,"color":[0.831372619,0.764705956,0.231372565,1],"radius":25,"rotationMatrix":[0.0479034111,0.998851836,0,0.998637736,-0.0478930958,-0.0207008403,-0.020677058,0.000991638051,-0.999785542],"shadowDarkenColor":[0,0,0,0]}
{"name":"PointLight_18","class":"PointLight","__parent":"Zone2","position":[2239.96655,2730.80103,-525.320862],"brightness":2,"color":[0.831372619,0.764705956,0.231372565,1],"radius":25,"rotationMatrix":[0.0479034111,0.998851836,0,0.998637736,-0.0478930958,-0.0207008403,-0.020677058,0.000991638051,-0.999785542],"shadowDarkenColor":[0,0,0,0]}
{"name":"PointLight_19","class":"PointLight","__parent":"Zone2","position":[2223.97046,2730.7561,-525.914246],"brightness":2,"color":[0.831372619,0.764705956,0.231372565,1],"radius":25,"rotationMatrix":[0.0479034111,0.998851836,0,0.998637736,-0.0478930958,-0.0207008403,-0.020677058,0.000991638051,-0.999785542],"shadowDarkenColor":[0,0,0,0]}
{"name":"PointLight_6","class":"PointLight","__parent":"Zone2","position":[2594.8728,2749.80933,-523.712097],"brightness":2,"color":[0.831372619,0.764705956,0.231372565,1],"radius":25,"rotationMatrix":[0.0479034111,0.998851836,0,0.998637736,-0.0478930958,-0.0207008403,-0.020677058,0.000991638051,-0.999785542],"shadowDarkenColor":[0,0,0,0]}
{"name":"PointLight_11","class":"PointLight","__parent":"Zone2","position":[2434.38599,2739.75854,-521.652527],"brightness":2,"color":[0.831372619,0.764705956,0.231372565,1],"radius":25,"rotationMatrix":[0.0479034111,0.998851836,0,0.998637736,-0.0478930958,-0.0207008403,-0.020677058,0.000991638051,-0.999785542],"shadowDarkenColor":[0,0,0,0]}
{"name":"PointLight_26","class":"PointLight","__parent":"Zone2","position":[2377.04028,2738.54517,-521.537354],"brightness":2,"color":[0.831372619,0.764705956,0.231372565,1],"radius":25,"rotationMatrix":[0.0479034111,0.998851836,0,0.998637736,-0.0478930958,-0.0207008403,-0.020677058,0.000991638051,-0.999785542],"shadowDarkenColor":[0,0,0,0]}
{"name":"PointLight_24","class":"PointLight","__parent":"Zone2","position":[2308.646,2734.6792,-522.650208],"brightness":2,"color":[0.831372619,0.764705956,0.231372565,1],"radius":25,"rotationMatrix":[0.0479034111,0.998851836,0,0.998637736,-0.0478930958,-0.0207008403,-0.020677058,0.000991638051,-0.999785542],"shadowDarkenColor":[0,0,0,0]}
{"name":"PointLight_23","class":"PointLight","__parent":"Zone2","position":[2274.08838,2731.08545,-524.285339],"brightness":2,"color":[0.831372619,0.764705956,0.231372565,1],"radius":25,"rotationMatrix":[0.0479034111,0.998851836,0,0.998637736,-0.0478930958,-0.0207008403,-0.020677058,0.000991638051,-0.999785542],"shadowDarkenColor":[0,0,0,0]}
{"name":"PointLight_22","class":"PointLight","__parent":"Zone2","position":[2150.60229,2730.39038,-529.848511],"brightness":2,"color":[0.831372619,0.764705956,0.231372565,1],"radius":25,"rotationMatrix":[0.0479034111,0.998851836,0,0.998637736,-0.0478930958,-0.0207008403,-0.020677058,0.000991638051,-0.999785542],"shadowDarkenColor":[0,0,0,0]}
{"name":"PointLight_20","class":"PointLight","__parent":"Zone2","position":[2196.86011,2729.95166,-527.350403],"brightness":2,"color":[0.831372619,0.764705956,0.231372565,1],"radius":25,"rotationMatrix":[0.0479034111,0.998851836,0,0.998637736,-0.0478930958,-0.0207008403,-0.020677058,0.000991638051,-0.999785542],"shadowDarkenColor":[0,0,0,0]}
{"name":"PointLight_17","class":"PointLight","__parent":"Zone2","position":[2253.43604,2731.6272,-524.653442],"brightness":2,"color":[0.831372619,0.764705956,0.231372565,1],"radius":25,"rotationMatrix":[0.0479034111,0.998851836,0,0.998637736,-0.0478930958,-0.0207008403,-0.020677058,0.000991638051,-0.999785542],"shadowDarkenColor":[0,0,0,0]}
{"name":"PointLight_15","class":"PointLight","__parent":"Zone2","position":[2308.54443,2732.55664,-522.650208],"brightness":2,"color":[0.831372619,0.764705956,0.231372565,1],"radius":25,"rotationMatrix":[0.0479034111,0.998851836,0,0.998637736,-0.0478930958,-0.0207008403,-0.020677058,0.000991638051,-0.999785542],"shadowDarkenColor":[0,0,0,0]}
{"name":"PointLight_12","class":"PointLight","__parent":"Zone2","position":[2406.02002,2740.11328,-521.375366],"brightness":2,"color":[0.831372619,0.764705956,0.231372565,1],"radius":25,"rotationMatrix":[0.0479034111,0.998851836,0,0.998637736,-0.0478930958,-0.0207008403,-0.020677058,0.000991638051,-0.999785542],"shadowDarkenColor":[0,0,0,0]}
{"name":"PointLight_10","class":"PointLight","__parent":"Zone2","position":[2467.58252,2742.89282,-521.656433],"brightness":2,"color":[0.831372619,0.764705956,0.231372565,1],"radius":25,"rotationMatrix":[0.0479034111,0.998851836,0,0.998637736,-0.0478930958,-0.0207008403,-0.020677058,0.000991638051,-0.999785542],"shadowDarkenColor":[0,0,0,0]}
{"name":"PointLight_9","class":"PointLight","__parent":"Zone2","position":[2502.95215,2745.0083,-522.018799],"brightness":2,"color":[0.831372619,0.764705956,0.231372565,1],"radius":25,"rotationMatrix":[0.0479034111,0.998851836,0,0.998637736,-0.0478930958,-0.0207008403,-0.020677058,0.000991638051,-0.999785542],"shadowDarkenColor":[0,0,0,0]}
{"name":"PointLight_8","class":"PointLight","__parent":"Zone2","position":[2532.48535,2746.84863,-522.432678],"brightness":2,"color":[0.831372619,0.764705956,0.231372565,1],"radius":25,"rotationMatrix":[0.0479034111,0.998851836,0,0.998637736,-0.0478930958,-0.0207008403,-0.020677058,0.000991638051,-0.999785542],"shadowDarkenColor":[0,0,0,0]}
{"name":"PointLight_7","class":"PointLight","__parent":"Zone2","position":[2553.96143,2747.92603,-522.875793],"brightness":2,"color":[0.831372619,0.764705956,0.231372565,1],"radius":25,"rotationMatrix":[0.0479034111,0.998851836,0,0.998637736,-0.0478930958,-0.0207008403,-0.020677058,0.000991638051,-0.999785542],"shadowDarkenColor":[0,0,0,0]}
{"name":"PointLight_4","class":"PointLight","__parent":"Zone2","position":[2640.92822,2750.63403,-524.544373],"brightness":2,"color":[0.831372619,0.764705956,0.231372565,1],"radius":25,"rotationMatrix":[0.0479034111,0.998851836,0,0.998637736,-0.0478930958,-0.0207008403,-0.020677058,0.000991638051,-0.999785542],"shadowDarkenColor":[0,0,0,0]}
{"name":"PointLight_5","class":"PointLight","__parent":"Zone2","position":[2687.96631,2749.57812,-525.262634],"brightness":2.00000024,"color":[0.831513047,0.766533971,0.229910925,1],"radius":25,"rotationMatrix":[0.0479034111,0.998851836,0,0.998637736,-0.0478930958,-0.0207008403,-0.020677058,0.000991638051,-0.999785542]}
