{"name":"Zone_5","class":"Zone","__parent":"tunnel_zones","position":[5060.40967,2281.87207,-185.065781],"ambientLightColor":[0.712581038,0.712581038,0.712581038,1],"rotationMatrix":[0.940359056,0.340183169,1.49011594e-08,-0.338795006,0.936521649,-0.0902483016,-0.0307009462,0.0848658159,0.995919108],"scale":[15.3187838,102.186485,18.2370586],"soundAmbience":"Level_Tunnel_Open","useAmbientLightColor":true,"zoneGroup":5}
{"name":"Portal_Zone5_1","class":"Portal","__parent":"tunnel_zones","position":[5042.37988,2329.48413,-189.634506],"rotationMatrix":[0.940359712,0.340181708,7.18794763e-06,-0.33879301,0.936522841,-0.0902451202,-0.0307064708,0.0848604441,0.995919585],"scale":[16.3358994,0.25,14.6935139],"zoneGroup":5}
{"name":"Portal_Zone5_2","class":"Portal","__parent":"tunnel_zones","position":[5077.00977,2233.75635,-180.410004],"rotationMatrix":[0.940359712,0.340181708,7.18794763e-06,-0.33879301,0.936522841,-0.0902451202,-0.0307064708,0.0848604441,0.995919585],"scale":[16.3358994,0.25,14.6935139],"zoneGroup":5}
{"name":"Zone_6","class":"Zone","__parent":"tunnel_zones","position":[4954.04346,2229.50464,-234.080322],"ambientLightColor":[0.713725507,0.713725507,0.713725507,1],"rotationMatrix":[0.548701465,0.836018205,2.98023188e-08,-0.835234582,0.548187196,-0.0432855077,-0.0361875072,0.0237508249,0.999062538],"scale":[15.4078169,89.6460724,12.0209236],"soundAmbience":"Level_Tunnel_Open","useAmbientLightColor":true,"zoneGroup":6}
{"name":"Portal_Zone6_1","class":"Portal","__parent":"tunnel_zones","position":[4916.81201,2254.40942,-235.907837],"rotationMatrix":[0.548696697,0.836021543,-5.07943332e-06,-0.835238278,0.548182428,-0.0432797484,-0.0361800119,0.0237516966,0.999062955],"scale":[13.2299356,0.25,11.3293114],"zoneGroup":6}
{"name":"Portal_Zone6_2","class":"Portal","__parent":"tunnel_zones","position":[4991.71582,2205.24878,-232.026505],"rotationMatrix":[0.548696697,0.836021543,-5.07943332e-06,-0.835238278,0.548182428,-0.0432797484,-0.0361800119,0.0237516966,0.999062955],"scale":[13.2299356,0.25,11.3293114],"zoneGroup":6}
{"name":"Zone_7","class":"Zone","__parent":"tunnel_zones","position":[5040.66016,1440.06348,-292.484039],"ambientLightColor":[0.876112521,0.876112521,0.876112521,1],"rotationMatrix":[-0.3436324,-0.93910408,2.98023188e-08,0.937207997,-0.342938572,-0.063513115,0.0596454851,-0.0218251012,0.997980773],"scale":[12.6765804,132.032196,16.1659775],"soundAmbience":"Level_Tunnel_Open","useAmbientLightColor":true,"zoneGroup":7}
{"name":"Portal_Zone7_1","class":"Portal","__parent":"tunnel_zones","position":[5102.65771,1417.17554,-293.697754],"rotationMatrix":[-0.343633056,-0.939104199,-8.38376582e-06,0.937208414,-0.342938781,-0.0635110438,0.0596406087,-0.0218323357,0.997981131],"scale":[13.0841484,0.25,10.4039984]}
{"name":"Portal_Zone7_2","class":"Portal","__parent":"tunnel_zones","position":[5040.21045,1433.46692,-289.609467],"rotationMatrix":[-0.937208056,0.342938989,0.0635110214,-0.343633264,-0.939103842,-8.35862011e-06,0.0596405827,-0.0218323357,0.997981131],"scale":[137.398712,0.25,10.4039984]}
{"name":"Portal_Zone7_3","class":"Portal","__parent":"tunnel_zones","position":[4978.88135,1462.46753,-285.309784],"rotationMatrix":[-0.343633056,-0.939104199,-8.38376582e-06,0.937208414,-0.342938781,-0.0635110438,0.0596406087,-0.0218323357,0.997981131],"scale":[13.0841484,0.25,10.4039984]}
{"name":"Portal_Zone4_2","class":"Portal","__parent":"tunnel_zones","position":[2009.4679,-370.129517,-555.694946],"rotationMatrix":[0.495717078,0.868483901,3.50654591e-06,-0.868481874,0.495715886,-0.00218785042,-0.00190185138,0.00108150963,0.999997497],"scale":[36.5573235,0.25,16.6993713],"zoneGroup":4}
{"name":"Portal_Zone4_1","class":"Portal","__parent":"tunnel_zones","position":[2497.81519,-648.870667,-554.464661],"rotationMatrix":[0.495717078,0.868483901,3.50654591e-06,-0.868481874,0.495715886,-0.00218785042,-0.00190185138,0.00108150963,0.999997497],"scale":[36.5573235,0.25,16.6993713],"zoneGroup":4}
{"name":"Zone_4","class":"Zone","__parent":"tunnel_zones","position":[2253.60693,-509.549866,-557.414185],"ambientLightColor":[0.227450997,0.227450997,0.227450997,1],"rotationMatrix":[0.495716393,0.868484318,0,-0.868482172,0.495715171,-0.00218650443,-0.00189896033,0.00108389393,0.999997437],"scale":[38.0287628,562.251526,19.5824471],"soundAmbience":"Level_Tunnel_Closed","useAmbientLightColor":true,"zoneGroup":4}
{"name":"Portal_Zone3_2","class":"Portal","__parent":"tunnel_zones","position":[1256.20068,66.5437927,-552.652649],"rotationMatrix":[-0.495216578,-0.868769526,5.3816475e-06,0.868733287,-0.495195955,-0.00913754199,0.00794108212,-0.00452038739,0.999958098],"scale":[34.6110725,0.25,17.5666847],"zoneGroup":3}
{"name":"Zone_3","class":"Zone","__parent":"tunnel_zones","position":[1406.88049,-20.0185108,-554.668152],"ambientLightColor":[0.227450997,0.227450997,0.227450997,1],"rotationMatrix":[-0.495214522,-0.86877048,-2.98023188e-08,0.868734062,-0.495193869,-0.00914510712,0.00794495642,-0.00452880329,0.999957979],"scale":[32.7012634,347.480103,22.9519138],"soundAmbience":"Level_Tunnel_Open","useAmbientLightColor":true,"zoneGroup":3}
{"name":"Portal_Zone3_1","class":"Portal","__parent":"tunnel_zones","position":[1558.12573,-105.559875,-556.268066],"rotationMatrix":[-0.495216578,-0.868769526,5.3816475e-06,0.868733287,-0.495195955,-0.00913754199,0.00794108212,-0.00452038739,0.999958098],"scale":[34.6110725,0.25,17.5666847],"zoneGroup":3}
{"name":"Zone_2","class":"Zone","__parent":"tunnel_zones","position":[2426.78662,2743.16431,-531.321533],"ambientLightColor":[0.226942062,0.226942062,0.226942062,1],"rotationMatrix":[-0.998836696,-0.039974913,0.0269649643,0.0399603546,-0.999200583,-0.00107878447,0.0269865338,0,0.999635696],"scale":[539.843201,33.0691376,32.4582062],"soundAmbience":"Level_Tunnel_Closed","useAmbientLightColor":true,"zoneGroup":2}
{"name":"Portal_Zone2_1","class":"Portal","__parent":"tunnel_zones","position":[2696.69629,2751.15259,-531.985474],"rotationMatrix":[-0.0399597883,0.999200583,0.00107876933,-0.998836696,-0.0399743468,0.0269649662,0.0269865356,0,0.999635696],"scale":[23.4374237,0.25,16.250433]}
{"name":"Portal_Zone2_2","class":"Portal","__parent":"tunnel_zones","position":[2157.0896,2729.57202,-531.542725],"rotationMatrix":[-0.0399597883,0.999200583,0.00107876933,-0.998836696,-0.0399743468,0.0269649662,0.0269865356,0,0.999635696],"scale":[23.4374237,0.25,16.250433]}
{"name":"Zone_1","class":"Zone","__parent":"tunnel_zones","position":[-1271.82898,2841.66162,-567.792175],"ambientLightColor":[0.658070564,0.658070564,0.658070564,1],"rotationMatrix":[0.395712614,-0.91837436,-8.948904e-06,0.918373406,0.395712197,-0.00147536746,0.00135848089,0.000575603161,0.999998927],"scale":[16.291069,75.585907,10],"soundAmbience":"Level_Tunnel_Open","useAmbientLightColor":true,"zoneGroup":1}
{"name":"Portal_Zone1_1","class":"Portal","__parent":"tunnel_zones","position":[-1306.78015,2827.25879,-567.428894],"rotationMatrix":[0.395706058,-0.918377161,-8.94698314e-06,0.918376088,0.39570567,-0.00147531973,0.00135844038,0.000575576385,0.999998808],"scale":[15.6219044,0.25,9.99838829],"zoneGroup":1}
{"name":"Portal_Zone1_2","class":"Portal","__parent":"tunnel_zones","position":[-1237.36414,2857.16846,-567.540283],"rotationMatrix":[0.395706058,-0.918377161,-8.94698314e-06,0.918376088,0.39570567,-0.00147531973,0.00135844038,0.000575576385,0.999998808],"scale":[15.6219044,0.25,9.99838829],"zoneGroup":1}
