{"class":"TSStatic","persistentId":"1a3b44ef-c6b2-45c9-bf31-55964cdaabd3","__parent":"gas_stations","position":[5588.13818,-1083.46606,-555.903931],"isRenderEnabled":false,"rotationMatrix":[0.85189867,0.523706794,0,-0.523706794,0.85189867,0,0,0,1],"shapeName":"/levels/mk_americanroad/art/shapes/buildings/eca/eca_bld_gastation_sign.dae"}
{"class":"TSStatic","persistentId":"4c6bc551-9bea-4583-9711-e810edef638c","__parent":"gas_stations","position":[3530.24243,-1778.19861,-554.427185],"isRenderEnabled":false,"rotationMatrix":[-0.999848545,0.0174074639,0,-0.0174074639,-0.999848545,0,0,0,1],"shapeName":"/levels/mk_americanroad/art/shapes/buildings/eca/eca_bld_gastation.dae"}
{"class":"TSStatic","persistentId":"df18ced4-1439-49b2-afa9-bc1ec75b8b5c","__parent":"gas_stations","position":[5585.46484,-1102.39368,-556.128601],"isRenderEnabled":false,"rotationMatrix":[-0.57462877,0.818415761,0,-0.818415761,-0.57462877,0,0,0,1],"shapeName":"/levels/mk_americanroad/art/shapes/buildings/eca/eca_bld_gastation.dae"}
{"class":"TSStatic","persistentId":"e5d83b17-2931-4b6d-913f-24946352a894","__parent":"gas_stations","position":[3520.35522,-1778.03894,-554.427185],"isRenderEnabled":false,"rotationMatrix":[-0.999848545,0.0174074639,0,-0.0174074639,-0.999848545,0,0,0,1],"shapeName":"/levels/mk_americanroad/art/shapes/buildings/eca/eca_bld_gastation.dae"}
{"class":"TSStatic","persistentId":"b85d0409-e8bf-4f81-a455-add09d2ffc03","__parent":"gas_stations","position":[-1992.92224,-1380.55627,-518.805664],"isRenderEnabled":false,"rotationMatrix":[-1.1920929e-07,-0.999999881,0,0.999999881,-1.1920929e-07,0,0,0,1],"shapeName":"/levels/mk_americanroad/art/shapes/buildings/gas_station_01.dae","useInstanceRenderData":true}
{"class":"TSStatic","persistentId":"3e004ad7-8745-416e-9ffb-34c8f5c199e1","__parent":"gas_stations","position":[-605.20105,40.071312,-541.697998],"isRenderEnabled":false,"rotationMatrix":[0.116375327,-0.993205249,0,0.993205249,0.116375327,0,0,0,1],"shapeName":"/levels/mk_americanroad/art/shapes/buildings/gas_station_01.dae","useInstanceRenderData":true}
{"class":"TSStatic","persistentId":"4918557f-8ea9-4a79-8b10-db35d99b4d39","__parent":"gas_stations","position":[261.335175,-2098.99243,-519.593628],"isRenderEnabled":false,"rotationMatrix":[-0.76424849,0.644921601,0,-0.644921601,-0.76424849,0,0,0,1],"shapeName":"/levels/mk_americanroad/art/shapes/buildings/gas_station_01.dae","useInstanceRenderData":true}
{"class":"TSStatic","persistentId":"ead0d5f3-ab97-4724-ae7a-d845af458e89","__parent":"gas_stations","position":[329.228943,-2037.26001,-519.593628],"isRenderEnabled":false,"rotationMatrix":[0.764249206,-0.644921005,0,0.644921005,0.764249206,0,0,0,1],"shapeName":"/levels/mk_americanroad/art/shapes/buildings/gas_station_01.dae","useInstanceRenderData":true}
{"class":"TSStatic","persistentId":"830794b1-1191-433e-8f0a-2bba3d62f4a8","__parent":"gas_stations","position":[-3146.56934,-6761.40381,-556.449219],"isRenderEnabled":false,"rotationMatrix":[0.999887824,-0.0149777634,0,0.0149777634,0.999887824,0,0,0,1],"shapeName":"/levels/mk_americanroad/art/shapes/buildings/gas_station_01.dae","useInstanceRenderData":true}
{"class":"TSStatic","persistentId":"ae6b496a-14dd-458f-9a4c-1025ac050237","__parent":"gas_stations","position":[-3369.76221,-6784.73193,-559.237793],"isRenderEnabled":false,"scale":[1.21484375,1.21484375,1.21484375],"shapeName":"/levels/mk_americanroad/art/shapes/buildings/eca/eca_bld_gastation_sign.dae","useInstanceRenderData":true}
{"class":"TSStatic","persistentId":"08531dba-25fa-4e50-a6f3-67cb625c1b05","__parent":"gas_stations","position":[5987.08301,-5690.47998,-553.872498],"isRenderEnabled":false,"rotationMatrix":[-0.999314308,0.0370208882,0,-0.0370208882,-0.999314308,0,0,0,1],"shapeName":"/levels/mk_americanroad/art/shapes/buildings/eca/eca_bld_gastation.dae","useInstanceRenderData":true}
{"class":"TSStatic","persistentId":"e5615853-8858-47d7-8329-fa1291399ac9","__parent":"gas_stations","position":[6003.99658,-5670.0918,-552.372375],"isRenderEnabled":false,"rotationMatrix":[0.0815668106,0.996667802,0,-0.996667802,0.0815668106,0,0,0,1],"shapeName":"/levels/mk_americanroad/art/shapes/buildings/eca/eca_bld_gastation_sign.dae","useInstanceRenderData":true}
{"class":"TSStatic","persistentId":"f9cf8942-6652-417b-bf88-da67a38a68fd","__parent":"gas_stations","position":[6037.11914,-5567.10693,-552.752563],"isRenderEnabled":false,"shapeName":"/levels/mk_americanroad/art/shapes/buildings/eca/eca_bld_gastation_sign.dae","useInstanceRenderData":true}
{"class":"TSStatic","persistentId":"5da8ced7-8d8f-484e-9154-7cac3027ef41","__parent":"gas_stations","position":[6033.98438,-6166.1582,-551.590271],"isRenderEnabled":false,"rotationMatrix":[0.883711398,-0.468032211,0,0.468032211,0.883711398,0,0,0,1],"shapeName":"/levels/mk_americanroad/art/shapes/buildings/eca/eca_bld_gastation_sign.dae","useInstanceRenderData":true}
{"name":"gas_station_hw1_r","class":"BeamNGGameplayArea","__parent":"gas_stations","position":[320.446136,-2045.38123,-519.882507],"rotationMatrix":[-0.770115614,0.637903988,0,-0.637903988,-0.770115614,-1.01308033e-05,-6.46248054e-06,-7.80189112e-06,1],"scale":[1.37045908,2.79810143,1.37045908]}
{"name":"gas_station_hw1_l","class":"BeamNGGameplayArea","__parent":"gas_stations","position":[270.221741,-2090.9126,-519.883179],"rotationMatrix":[-0.770115614,0.637903988,0,-0.637903988,-0.770115614,-1.01308033e-05,-6.46248054e-06,-7.80189112e-06,1],"scale":[1.37045908,2.79810143,1.37045908]}
{"name":"gas_station_hw2_1","class":"BeamNGGameplayArea","__parent":"gas_stations","position":[3525.45337,-1771.12646,-554.379211],"rotationMatrix":[-1,0,0,0,-0.999999821,-1.00413963e-05,0,-1.02202102e-05,0.999999821],"scale":[9.29570293,1.80722654,1.20859373]}
{"name":"gas_station_track","class":"BeamNGGameplayArea","__parent":"gas_stations","position":[-2004.76868,-1379.05273,-518.897827],"rotationMatrix":[-1,0,0,0,-0.999999821,-1.00413963e-05,0,-1.02202102e-05,0.999999821],"scale":[1.8601563,1.16744304,1.16744304]}
{"name":"gas_station_ref","class":"BeamNGGameplayArea","__parent":"gas_stations","position":[-3148.24146,-6773.20996,-557.134094],"rotationMatrix":[-1,0,0,0,-0.999999821,-1.00413963e-05,0,-1.02202102e-05,0.999999821],"scale":[1.24726558,2.22617197,1.24726558]}
{"name":"gas_station_ed","class":"BeamNGGameplayArea","__parent":"gas_stations","position":[5987.36475,-5683.47119,-553.861023],"rotationMatrix":[0.0317229033,0.999496639,1.67638063e-08,-0.999132574,0.03171134,-0.0269865207,-0.0269729383,0.000856072642,0.999635816],"scale":[1.63828111,4.24250221,1.23749995]}
{"name":"gas_station_nc","class":"BeamNGGameplayArea","__parent":"gas_stations","position":[5591.21826,-1098.3324,-556.59436],"rotationMatrix":[-0.560612202,0.828078449,0,-0.82800287,-0.560561061,-0.0135070048,-0.0111848591,-0.0075721927,0.999908805],"scale":[4.27023411,1.57219434,1.35527349]}
{"name":"gas_station_bolford","class":"BeamNGGameplayArea","__parent":"gas_stations","position":[-617.132812,40.1647301,-541.628906],"rotationMatrix":[-0.118956208,0.992899418,9.31322575e-10,-0.992808819,-0.11894536,-0.0135070048,-0.0134110982,-0.00160674471,0.999908805],"scale":[2.14177537,1.57219434,1.35527349]}
{"name":"gas_station_farm","class":"BeamNGGameplayArea","__parent":"gas_stations","position":[-3327.96997,2985.26294,-565.952209],"rotationMatrix":[-0.986128926,-0.165983185,-1.16415322e-10,0.165968046,-0.986038923,-0.0135070086,0.00224193558,-0.0133196469,0.999908805],"scale":[1.73398447,3.18031526,1.73398447]}
{"name":"gas_station_hw1_r_poi","class":"BeamNGPointOfInterest","__parent":"gas_stations","position":[320.478821,-2045.41919,-518.087158],"rotationMatrix":[-0.647206903,-0.7623142,-2.98023188e-08,0.762256444,-0.647157848,-0.0123064173,0.00938129984,-0.00796478521,0.999924064]}
{"name":"gas_station_hw1_l_poi","class":"BeamNGPointOfInterest","__parent":"gas_stations","position":[270.294922,-2091.00122,-517.979431],"rotationMatrix":[-0.647206903,-0.7623142,-2.98023188e-08,0.762256444,-0.647157848,-0.0123064173,0.00938129984,-0.00796478521,0.999924064]}
{"name":"gas_station_hw2_poi","class":"BeamNGPointOfInterest","__parent":"gas_stations","position":[3525.37915,-1771.14465,-552.779541],"rotationMatrix":[-1,0,0,0,-0.999999821,-1.00413963e-05,0,-1.02202102e-05,0.999999821]}
{"name":"gas_station_track_poi","class":"BeamNGPointOfInterest","__parent":"gas_stations","position":[-2004.78357,-1379.17029,-517.30957],"rotationMatrix":[-0.664816499,0.747006357,0,-0.746945739,-0.664762616,-0.0127403988,-0.00951713696,-0.0084698759,0.99991864]}
{"name":"gas_station_ref_poi","class":"BeamNGPointOfInterest","__parent":"gas_stations","position":[-3148.15332,-6773.2207,-555.178528],"rotationMatrix":[0.632924438,-0.774213374,-2.98023188e-08,0.77415067,0.632873178,-0.0127240075,0.00985116418,0.00805335585,0.999918878]}
{"name":"gas_station_ed_poi","class":"BeamNGPointOfInterest","__parent":"gas_stations","position":[5987.3501,-5683.49414,-552.346008],"rotationMatrix":[-1,0,0,0,-0.999999821,-1.00413963e-05,0,-1.02202102e-05,0.999999821]}
{"name":"gas_station_nc_poi","class":"BeamNGPointOfInterest","__parent":"gas_stations","position":[5591.20117,-1098.50073,-554.602051],"rotationMatrix":[-1,0,0,0,-0.999999821,-1.00413963e-05,0,-1.02202102e-05,0.999999821]}
{"name":"gas_station_bolford_poi","class":"BeamNGPointOfInterest","__parent":"gas_stations","position":[-617.135071,40.1533127,-540.562622],"rotationMatrix":[-0.808071017,0.589084625,0,-0.589036703,-0.808005273,-0.0127559556,-0.00751434825,-0.0103076193,0.999918401]}
{"name":"gas_station_farm_poi","class":"BeamNGPointOfInterest","__parent":"gas_stations","position":[-3327.64502,2982.66089,-563.770203],"rotationMatrix":[-0.179422468,0.98377198,0,-0.98361057,-0.179393023,-0.018108869,-0.0178150162,-0.0032491833,0.999835789]}
